42
17
0 0 0 1 0 0 0 0 0 1 1 1 1 1 1 1 0 
1 0 0 1 0 0 1 0 0 1 0 0 1 1 0 1 0 
1 0 0 1 1 1 0 1 1 0 1 1 0 1 1 1 0 
1 0 0 0 1 1 1 1 1 1 0 0 1 0 0 0 0 
0 0 0 0 0 0 1 0 1 0 0 0 1 1 0 1 1 
0 0 0 0 0 0 0 1 0 0 1 0 1 1 0 0 0 
1 1 1 1 1 0 0 0 0 1 0 1 0 1 1 0 0 
0 1 1 1 1 0 0 0 0 1 0 1 1 1 0 1 0 
0 0 1 0 0 0 1 1 0 1 1 1 1 1 1 1 1 
1 0 1 0 0 0 0 0 1 0 0 0 1 0 1 0 1 
0 1 0 1 1 1 0 0 1 0 0 0 0 0 1 0 1 
0 0 1 0 1 1 0 0 0 0 1 0 1 0 1 0 1 
1 1 0 1 1 0 1 0 1 1 0 1 0 1 0 0 1 
0 0 0 1 1 0 1 1 1 1 1 1 0 0 1 0 0 
0 0 0 0 0 1 1 0 1 1 0 0 0 0 0 0 1 
0 1 0 1 1 0 0 1 0 0 0 1 0 0 0 0 0 
1 1 1 0 0 0 1 0 0 1 1 1 1 0 0 1 0 
25
0 0 0 0 1 1 1 0 1 1 1 1 0 1 0 1 0 0 1 1 0 0 1 0 1 
1 0 0 1 0 0 1 1 0 1 1 0 1 0 0 1 1 1 1 0 1 1 1 1 0 
1 1 0 1 1 0 0 1 0 0 1 0 0 1 0 1 0 1 1 1 1 1 0 0 0 
1 1 0 0 1 0 0 0 1 0 0 0 1 1 1 0 1 0 0 1 0 1 1 0 0 
0 1 1 0 0 1 0 0 0 0 1 1 0 1 0 1 1 0 0 0 0 0 0 1 1 
0 1 1 0 1 0 1 0 1 0 0 1 0 0 1 1 0 1 1 1 1 0 1 0 1 
1 1 0 1 1 1 0 1 0 0 0 0 0 0 1 0 1 0 0 0 1 1 1 0 0 
1 1 0 0 0 1 0 0 1 1 0 0 0 0 1 0 0 1 1 0 0 0 1 0 0 
1 0 0 0 1 0 1 0 0 1 1 0 0 1 0 0 1 1 1 0 1 1 1 0 1 
0 0 0 1 0 1 1 1 1 0 0 0 0 0 0 0 1 1 1 1 1 0 0 0 0 
1 0 1 0 1 0 1 0 0 1 0 1 1 0 0 1 1 0 1 0 1 0 1 1 1 
0 0 0 1 0 1 0 1 0 1 0 0 0 0 1 1 0 0 0 1 0 1 1 1 1 
1 0 0 1 0 1 0 1 1 1 1 1 0 1 1 0 0 1 1 0 0 0 0 0 1 
1 0 1 1 1 1 1 1 0 1 0 1 0 0 0 1 1 1 1 1 1 0 0 0 1 
1 0 0 1 1 1 0 1 0 0 1 0 1 0 0 0 1 0 1 1 1 1 0 0 1 
1 0 0 0 1 0 1 0 1 1 0 0 0 1 0 0 0 1 1 1 0 0 1 0 1 
1 0 1 1 0 1 0 0 0 1 1 0 1 0 1 1 0 1 1 0 0 1 1 0 1 
1 1 1 1 0 1 0 1 1 1 1 1 0 0 1 0 1 0 0 0 1 0 1 0 0 
0 1 1 0 1 1 1 0 1 0 1 1 0 0 0 1 1 1 0 0 0 0 0 1 1 
1 1 0 0 1 0 0 1 0 1 1 1 0 0 0 1 0 1 1 0 1 0 1 0 1 
0 0 0 1 1 0 0 0 1 0 1 1 1 1 1 0 1 1 1 0 0 1 1 0 1 
1 1 1 1 1 0 0 0 0 1 0 0 0 0 0 1 1 0 0 0 1 0 0 1 1 
0 1 0 1 1 0 0 1 1 1 0 0 1 0 0 1 1 1 1 1 0 0 0 1 0 
0 1 1 0 0 0 0 0 0 1 1 0 1 0 0 1 1 1 0 0 1 0 0 0 0 
0 0 0 0 1 1 1 0 1 1 1 1 0 0 0 0 0 1 1 0 0 0 0 1 0 
4
0 1 0 1 
0 0 0 0 
1 1 0 1 
0 0 0 0 
18
0 0 0 1 1 0 1 0 1 1 0 1 1 0 0 1 0 0 
0 0 1 1 1 0 1 0 1 1 1 1 1 0 0 1 1 0 
1 0 0 0 1 0 1 0 0 1 1 1 1 1 1 1 0 0 
1 0 1 0 1 1 1 0 1 0 0 0 0 1 0 0 0 0 
1 1 1 1 0 1 0 0 1 0 1 0 0 1 1 0 1 0 
1 1 0 0 0 0 0 1 1 0 1 1 1 1 1 0 1 0 
1 0 0 1 1 0 0 0 0 1 1 0 1 0 1 1 0 0 
0 0 0 1 1 0 0 0 0 1 0 1 0 1 1 0 1 0 
1 1 0 1 1 0 0 0 0 0 1 1 1 0 0 0 0 1 
0 0 0 1 0 0 0 1 0 0 0 1 0 1 0 1 0 0 
0 1 0 1 1 0 1 0 0 1 0 0 0 0 0 1 0 0 
0 0 1 1 1 0 0 1 0 0 0 0 0 0 1 0 0 0 
0 1 1 0 1 0 1 0 1 0 1 0 0 0 1 1 0 1 
0 0 0 1 0 1 1 0 1 0 0 0 0 0 0 0 1 0 
1 1 1 1 1 1 0 0 0 1 0 1 0 1 0 0 1 1 
0 1 0 1 1 0 1 0 1 0 1 0 0 0 1 0 1 1 
1 1 0 1 1 0 0 0 0 1 1 0 1 0 0 0 0 0 
0 0 1 0 0 1 1 1 1 1 1 1 1 1 0 0 1 0 
9
0 0 0 1 0 1 0 1 1 
1 0 1 0 0 0 1 0 0 
0 0 0 0 1 0 0 0 1 
1 0 0 0 0 0 1 0 0 
0 1 0 1 0 1 1 1 1 
0 0 1 0 1 0 0 0 1 
0 0 0 1 0 1 0 0 1 
1 0 0 0 1 0 1 0 0 
0 0 1 0 1 0 0 0 0 
47
0 1 1 0 1 0 1 0 1 0 0 0 0 1 0 0 0 1 0 0 1 1 1 0 1 0 0 1 0 1 0 1 0 1 1 0 1 1 0 1 0 1 0 1 1 1 1 
0 0 0 1 0 1 0 0 1 1 1 1 1 1 0 0 0 0 1 0 1 1 0 0 0 1 0 1 1 1 1 1 1 1 0 0 0 0 0 1 0 0 1 0 1 0 1 
0 0 0 0 0 0 0 1 0 1 1 1 0 1 1 0 0 0 0 1 1 0 1 0 1 1 1 1 0 0 1 0 0 0 0 0 1 0 0 1 0 1 1 0 0 0 0 
1 0 0 0 0 0 1 0 1 0 0 1 1 1 1 1 1 0 0 0 1 1 0 1 1 0 0 0 1 1 0 0 1 0 0 1 1 1 1 0 0 1 0 1 0 0 0 
1 1 1 0 0 1 1 0 0 1 0 1 1 1 1 1 0 1 0 0 0 0 0 1 0 1 1 1 0 0 0 0 1 0 1 1 0 1 0 0 0 1 1 1 0 0 1 
1 0 0 0 1 0 0 1 0 0 0 1 0 1 0 0 0 0 1 0 0 1 0 0 1 0 1 1 0 1 1 1 0 0 0 0 1 0 1 0 1 1 1 1 0 0 1 
1 0 1 1 0 0 0 1 1 0 0 1 1 1 0 0 1 0 0 0 1 1 1 0 0 1 1 0 0 1 1 1 1 1 0 0 0 1 1 0 0 1 1 0 0 1 1 
1 1 1 0 0 0 0 0 1 1 1 0 1 1 0 1 1 1 0 0 1 0 0 1 0 0 0 1 1 1 1 1 1 0 1 1 0 0 0 1 1 0 0 0 1 0 0 
0 1 1 0 1 1 1 0 0 1 1 0 0 1 0 1 1 1 1 0 0 1 0 0 1 0 0 1 0 1 1 0 1 0 1 0 0 0 0 1 1 1 1 1 0 1 1 
1 1 0 0 1 1 1 1 0 0 1 1 0 1 1 0 0 1 1 0 1 1 0 0 1 0 1 1 0 1 0 0 0 0 1 0 0 1 0 0 1 0 1 0 1 0 1 
1 0 0 0 0 0 1 0 0 1 0 1 0 1 0 0 1 1 1 1 0 0 1 1 1 0 0 1 0 1 0 1 0 1 0 1 1 1 1 0 1 0 0 0 1 0 0 
1 0 0 1 1 1 1 1 0 1 1 0 1 1 1 0 1 1 1 0 0 1 1 1 0 1 0 0 0 1 1 0 0 0 1 1 0 1 0 1 0 0 1 1 1 1 1 
1 0 1 1 0 0 1 0 0 1 1 1 0 0 1 0 0 0 1 0 1 0 1 0 0 0 1 0 0 0 0 0 0 1 0 0 0 1 1 0 1 0 0 1 1 0 1 
0 1 0 1 0 1 1 0 0 1 0 1 0 0 1 0 0 0 0 0 1 0 0 0 1 1 1 1 1 0 1 1 1 1 1 1 0 1 1 1 1 0 1 1 0 0 0 
0 1 1 0 0 1 0 1 1 0 1 0 0 1 0 0 1 0 0 0 1 1 1 0 1 1 1 0 1 0 0 1 1 0 1 0 1 1 1 0 0 1 1 1 1 1 1 
0 1 1 0 1 1 0 0 0 0 1 0 0 1 1 0 0 0 1 1 1 0 1 1 1 1 1 1 1 1 0 1 1 0 0 1 1 1 1 0 1 0 0 0 0 1 1 
0 0 0 1 0 0 1 1 0 0 1 0 1 1 0 0 0 0 1 1 1 0 0 1 0 1 1 1 1 0 0 0 1 0 0 0 1 1 0 1 0 0 0 1 0 1 1 
0 0 1 1 1 1 0 1 0 1 0 1 1 1 1 0 1 0 0 1 1 0 0 0 1 1 0 0 1 0 0 1 1 1 0 0 0 1 1 1 0 1 1 1 1 1 1 
1 0 1 1 1 0 0 1 1 1 1 1 0 0 0 0 1 1 0 0 1 1 1 0 1 1 0 1 0 1 1 0 1 1 1 0 0 0 0 1 0 0 1 0 0 1 1 
0 1 0 1 0 0 0 0 1 1 1 1 1 1 0 1 1 0 1 0 1 1 0 1 0 1 0 0 0 1 0 1 1 0 1 1 0 1 1 0 1 1 0 1 0 1 0 
1 1 1 1 0 1 0 0 0 1 1 1 1 0 1 0 1 0 1 1 0 0 0 1 0 1 0 0 1 0 1 0 0 0 0 1 1 0 1 0 0 1 0 0 0 1 1 
1 1 1 0 1 0 0 1 1 1 0 0 1 0 1 0 1 0 0 1 0 0 0 0 1 0 1 1 0 1 0 1 1 1 1 0 0 1 0 1 1 1 0 0 1 0 0 
0 0 1 0 1 0 1 0 0 0 0 1 0 0 1 1 1 1 0 0 0 0 0 0 0 1 1 0 0 1 1 0 0 1 1 1 1 0 1 1 1 0 0 1 1 0 0 
0 0 1 1 0 1 0 0 1 1 0 1 1 0 1 1 1 0 0 1 0 1 1 0 0 0 1 1 1 1 0 1 0 1 0 1 1 1 1 0 1 1 1 0 1 1 1 
0 0 1 1 1 1 1 1 1 0 1 0 0 0 1 0 1 0 0 1 0 0 0 0 0 1 1 0 1 1 0 1 0 0 0 0 0 1 1 1 0 0 0 1 1 1 0 
1 0 1 1 0 1 0 1 1 1 1 0 1 0 0 1 0 1 0 1 1 1 1 1 1 0 0 1 0 1 1 1 1 0 1 0 1 1 0 1 0 0 1 0 1 0 0 
1 0 1 0 1 0 0 1 1 0 1 0 1 0 0 1 0 1 1 1 0 0 0 1 0 1 0 1 0 0 0 0 0 1 1 0 1 1 1 1 1 0 0 0 1 1 0 
0 1 0 0 1 0 0 1 0 0 1 0 1 1 1 0 1 0 1 1 0 1 1 0 1 1 0 0 0 1 1 0 0 0 0 1 0 1 1 0 1 0 1 0 1 0 1 
0 1 0 1 1 0 1 1 1 1 0 1 1 0 1 1 0 1 0 0 1 0 0 1 0 0 1 1 0 1 0 1 0 0 1 0 0 1 0 1 0 1 1 1 0 1 0 
1 0 0 0 1 0 0 1 1 1 0 0 1 1 0 1 0 1 1 1 1 1 0 1 1 0 1 1 1 0 1 0 1 1 0 0 1 1 1 0 1 0 0 0 0 1 1 
0 0 0 1 0 1 0 1 1 0 0 1 1 0 1 1 1 1 0 0 0 0 1 1 1 0 0 0 0 0 0 0 1 0 1 0 0 1 0 1 1 0 0 0 0 0 1 
0 0 0 1 0 0 0 0 0 1 1 0 0 1 0 0 1 0 0 0 1 0 0 0 1 1 0 1 1 0 0 0 1 0 0 0 1 0 1 0 1 1 1 1 0 1 0 
1 0 1 1 1 0 0 0 1 1 0 1 1 1 0 1 0 1 0 1 0 1 0 0 0 1 1 0 1 1 0 0 0 1 1 1 1 1 0 1 1 0 0 1 0 1 0 
1 0 1 0 1 1 0 0 1 1 0 1 0 1 1 1 0 1 0 0 0 1 0 0 1 0 1 1 1 1 0 1 1 0 0 1 1 0 0 0 0 0 1 0 1 1 0 
1 0 0 0 0 1 1 1 0 0 0 1 1 0 1 1 0 1 1 0 0 0 1 0 0 1 0 0 0 0 1 0 1 0 0 0 0 1 0 1 1 1 1 1 1 0 0 
0 1 1 0 0 0 0 1 0 1 0 0 0 1 1 0 1 0 1 0 1 1 1 1 0 0 1 1 0 1 1 1 0 1 1 0 0 1 0 1 1 1 1 1 1 0 1 
1 1 0 0 1 1 1 0 0 1 1 1 1 0 0 1 1 1 0 1 1 1 1 1 0 0 0 1 0 0 1 0 0 0 1 1 0 0 0 0 0 1 1 1 1 1 1 
0 0 0 1 0 0 1 0 1 0 0 0 0 0 1 0 1 1 0 1 1 1 0 0 1 1 0 1 1 0 0 0 0 0 0 1 1 0 1 0 1 1 0 1 0 1 1 
1 1 0 1 1 0 1 1 1 0 1 0 0 1 0 0 1 1 1 1 0 0 1 0 1 0 0 1 0 1 0 0 0 0 1 0 1 0 0 0 0 1 1 0 1 1 1 
1 1 0 1 1 0 1 0 1 0 0 0 1 0 1 1 1 0 0 1 1 1 0 0 0 0 0 0 0 1 0 1 1 1 1 0 1 1 1 0 1 0 0 1 1 1 1 
0 1 0 1 1 0 0 1 1 0 0 0 0 0 0 1 1 0 0 0 0 1 1 0 1 0 0 0 0 0 1 1 1 0 0 1 1 0 0 0 0 0 0 1 1 1 1 
0 1 0 1 1 0 1 0 0 1 1 1 0 1 1 1 0 1 0 1 0 0 1 1 0 1 1 0 0 1 1 1 1 0 0 0 0 1 1 1 1 0 1 1 1 0 0 
1 0 1 1 0 0 0 1 1 0 1 0 0 0 0 0 1 0 1 0 1 1 1 1 0 1 1 1 1 0 1 1 0 0 1 0 1 0 0 0 0 1 0 1 0 1 1 
0 0 1 1 0 0 0 1 1 1 0 0 1 0 1 0 1 0 0 1 1 0 0 1 1 1 1 0 1 0 0 0 1 1 0 1 1 1 0 0 1 0 1 0 0 0 0 
1 0 1 0 1 0 1 0 0 1 1 1 0 0 0 0 1 1 0 1 1 0 1 1 1 0 1 1 1 0 1 1 1 0 0 0 1 1 0 1 1 1 1 1 0 1 1 
1 1 0 0 0 0 0 0 0 1 1 0 1 0 0 1 0 0 1 0 1 1 0 0 1 1 1 1 0 1 0 1 1 1 0 1 1 0 1 1 0 0 0 0 0 0 1 
0 0 0 0 0 1 1 0 0 0 1 1 0 1 1 0 1 1 0 1 1 1 0 1 1 0 0 0 0 1 0 1 1 0 0 1 0 1 0 1 1 1 1 0 0 0 0 
43
0 1 1 1 0 0 0 1 0 1 0 1 0 0 1 1 0 1 1 0 1 0 1 0 1 0 1 1 0 0 1 0 1 0 1 1 0 0 0 1 0 0 1 
0 0 1 1 1 0 0 1 0 1 0 0 1 1 0 0 1 1 1 0 1 1 0 1 1 0 0 0 1 1 1 0 0 0 0 1 1 1 0 0 1 0 0 
1 0 0 0 0 0 1 0 0 1 1 0 0 1 0 1 1 1 1 1 1 0 0 0 0 1 1 0 0 1 0 0 0 0 0 0 1 0 0 1 0 1 1 
1 0 1 0 0 0 0 1 1 1 1 1 1 0 0 0 1 1 0 1 1 1 0 0 1 1 0 1 1 1 0 0 1 1 1 0 1 1 0 1 0 0 1 
0 1 0 0 0 0 1 1 1 0 0 1 1 1 0 1 0 0 1 1 1 1 1 0 0 1 1 0 0 0 0 1 0 1 0 1 1 1 1 0 0 0 1 
0 0 0 1 1 0 1 1 1 0 0 1 1 0 0 0 0 1 1 0 0 0 0 0 0 1 1 0 1 0 0 0 1 1 0 0 1 1 0 1 1 1 0 
1 1 0 0 1 1 0 0 0 1 0 1 0 0 0 0 1 0 1 0 1 1 1 1 0 1 0 0 1 1 0 1 0 1 1 0 1 1 0 1 1 0 0 
1 1 0 0 0 1 0 0 1 0 0 0 1 0 1 1 1 0 1 1 0 0 1 1 0 0 0 1 0 1 1 0 0 0 0 0 1 0 0 0 0 1 0 
1 0 0 0 1 0 1 0 0 1 0 0 0 1 0 1 0 1 0 1 1 0 0 0 0 1 0 1 1 0 0 0 0 1 0 1 0 0 0 0 1 0 0 
1 1 0 0 0 1 0 0 0 0 0 1 0 0 1 0 1 1 1 0 0 0 1 0 1 1 0 1 1 1 1 1 1 0 1 0 1 1 0 1 0 0 1 
1 0 0 0 1 0 0 1 0 1 0 1 1 1 1 1 0 0 0 0 1 1 1 1 1 1 1 0 0 0 0 1 1 0 1 1 0 1 1 0 1 0 1 
0 1 1 0 0 1 1 1 0 0 1 0 1 0 0 0 0 1 0 0 0 0 1 1 1 1 0 1 0 0 0 0 0 0 1 0 0 0 0 0 1 1 0 
1 1 1 1 1 1 0 1 0 1 0 0 0 1 1 0 0 1 0 0 1 0 1 1 0 1 0 1 0 1 0 1 0 1 0 0 1 1 1 0 0 0 0 
0 0 0 0 1 0 0 1 0 1 0 0 1 0 0 0 0 0 0 0 0 1 0 0 0 0 1 1 0 0 0 1 1 0 0 1 1 0 0 1 0 1 1 
1 0 1 0 0 1 1 1 1 1 1 1 1 0 0 0 1 1 1 0 1 1 1 0 0 1 1 1 0 0 1 0 0 0 1 1 1 0 0 0 0 0 1 
0 1 0 0 1 0 0 0 0 0 1 0 0 0 0 0 0 1 1 1 1 1 1 0 0 1 1 0 1 0 1 1 1 0 1 0 0 1 1 1 1 0 0 
0 0 0 1 1 1 1 1 1 0 0 1 1 1 0 1 0 1 0 1 1 0 0 1 0 0 0 0 1 1 0 1 0 0 1 1 0 1 1 1 1 1 1 
1 1 1 0 1 1 0 0 0 0 1 0 0 0 0 0 1 0 1 0 1 0 1 0 0 0 1 0 0 1 1 0 0 0 1 1 1 1 0 1 0 1 0 
0 0 1 0 1 1 0 0 0 0 1 0 1 1 0 1 0 1 0 1 1 0 0 1 0 0 0 0 0 1 0 0 0 0 0 1 0 0 0 1 1 0 1 
0 0 1 1 0 0 0 0 1 1 0 1 0 1 1 0 0 0 1 0 1 0 1 0 0 0 1 1 1 1 0 1 1 1 1 0 0 0 1 1 1 0 1 
1 0 1 1 0 1 1 1 1 1 1 1 0 0 0 1 0 1 0 0 0 0 0 1 0 0 1 0 0 0 0 1 0 1 1 0 1 0 0 1 0 1 0 
0 0 1 0 0 1 0 0 1 1 1 1 0 1 1 0 0 0 0 1 0 0 1 1 0 1 0 0 0 1 0 0 0 1 1 0 0 0 0 0 0 0 0 
0 1 0 1 1 1 1 0 1 1 1 1 1 1 0 1 0 1 1 0 1 1 0 0 0 1 1 0 1 1 1 1 1 1 0 0 0 0 0 0 1 1 0 
0 0 0 0 1 1 1 1 1 1 1 1 0 0 1 1 1 1 0 1 1 1 0 0 0 1 1 0 1 1 0 1 1 0 1 1 1 1 0 1 1 1 1 
1 0 1 0 0 1 1 0 1 1 0 1 1 0 1 1 1 1 0 1 0 1 0 1 0 0 0 1 1 0 0 0 1 1 0 1 1 1 0 0 1 0 1 
0 1 1 1 0 0 0 0 0 1 0 0 0 1 1 0 0 0 1 0 0 0 1 0 0 0 0 1 0 1 0 0 0 0 0 1 1 1 1 0 1 1 0 
0 0 0 0 1 1 0 1 0 0 1 1 0 0 1 0 0 1 0 0 0 1 0 0 0 1 0 0 0 0 0 1 0 1 1 0 0 1 1 1 1 1 0 
0 1 1 1 1 0 1 0 0 1 0 0 0 0 0 1 1 0 0 0 0 0 1 1 0 0 0 0 0 0 1 0 0 0 1 0 0 0 0 1 0 1 0 
1 1 1 0 0 1 0 1 0 1 1 1 1 1 1 0 1 0 1 1 0 0 1 0 0 1 0 1 0 0 1 1 0 0 0 0 1 0 1 0 0 1 1 
1 1 0 0 0 1 0 1 0 0 0 0 1 0 0 0 1 1 1 0 1 1 1 1 1 0 1 1 1 0 0 0 1 0 0 0 0 1 1 1 1 0 0 
0 0 1 0 0 0 0 0 0 1 1 0 1 0 0 0 0 1 1 0 0 1 0 1 1 0 0 1 1 0 0 0 0 1 0 1 1 1 1 0 1 0 0 
0 1 1 1 1 0 1 1 0 1 0 0 1 0 0 0 0 0 1 1 0 0 0 0 1 0 0 0 1 1 0 0 1 0 1 1 1 0 0 1 0 0 1 
0 0 0 0 0 0 1 1 1 0 0 1 1 0 1 0 1 1 1 0 0 0 1 0 0 0 1 1 0 0 0 1 0 0 0 1 1 0 0 1 1 0 0 
0 0 1 1 0 0 0 1 0 0 1 1 0 1 0 0 0 1 1 0 1 1 1 0 0 1 1 1 1 0 1 0 0 0 1 0 1 1 1 0 0 1 0 
1 0 1 1 0 1 0 1 1 1 0 1 0 0 0 1 1 1 1 1 1 0 1 1 1 0 0 0 0 0 0 0 1 1 0 0 1 1 1 0 1 0 1 
1 0 1 0 0 0 0 1 0 1 0 0 0 0 1 0 1 0 1 1 1 1 0 1 0 0 1 0 1 0 1 0 0 1 1 0 0 0 0 1 1 0 1 
0 1 1 1 0 1 0 1 1 0 1 1 1 0 1 1 1 0 1 1 1 1 0 0 0 1 0 1 1 0 1 1 0 0 0 0 0 1 0 0 0 1 1 
1 0 0 0 1 0 1 0 1 0 0 1 1 1 1 1 1 0 0 0 0 1 1 1 0 0 1 0 0 0 0 1 1 0 1 1 1 0 0 0 0 1 0 
1 0 1 1 1 1 1 1 1 1 1 1 0 1 1 0 0 1 0 0 0 0 1 1 0 1 1 1 1 1 1 1 1 1 1 1 0 1 0 0 1 1 1 
0 1 1 0 1 1 0 0 0 1 0 1 0 0 1 0 0 1 0 0 0 0 0 0 1 1 1 0 0 1 0 0 0 0 0 0 1 0 0 0 1 0 0 
0 0 0 0 0 0 0 1 0 1 0 1 0 1 0 0 1 0 0 0 1 1 0 0 0 1 1 0 1 0 0 0 1 1 1 1 0 0 1 0 0 0 0 
1 1 0 0 0 0 1 1 1 1 1 0 0 0 0 1 1 0 0 1 1 1 0 1 1 0 0 0 0 0 0 0 1 1 1 1 1 1 1 0 1 0 1 
0 0 0 0 1 0 0 0 0 0 0 0 1 1 1 1 1 1 1 1 1 0 1 0 0 0 0 1 1 1 0 1 0 1 0 0 0 1 0 1 1 1 0 
13
0 1 0 1 1 0 1 1 1 0 0 0 0 
1 0 0 1 1 1 0 1 0 1 0 0 0 
1 1 0 0 0 0 1 1 0 1 0 0 1 
1 1 1 0 0 1 1 1 0 0 1 0 1 
1 1 0 0 0 0 1 1 1 0 0 0 0 
0 1 0 0 0 0 1 0 1 0 1 1 0 
1 1 1 1 0 1 0 0 0 0 0 1 1 
1 0 1 0 1 0 0 0 0 0 0 1 1 
0 1 1 1 0 1 0 0 0 1 0 0 1 
1 1 1 0 0 0 0 0 1 0 0 0 1 
0 0 0 1 1 0 1 1 1 0 0 1 0 
1 1 0 0 0 1 0 1 1 0 1 0 0 
0 0 1 0 1 1 1 0 0 0 0 1 0 
46
0 0 0 1 0 1 0 1 1 0 0 0 1 1 1 0 1 0 0 0 1 0 0 0 0 1 0 1 1 1 0 1 1 1 0 1 1 1 0 1 0 0 0 1 1 0 
1 0 1 0 0 0 0 0 1 1 1 1 1 0 1 0 0 0 1 1 1 1 0 0 0 1 0 1 1 1 1 1 1 0 1 1 1 1 1 0 0 1 0 0 0 1 
1 0 0 1 1 1 0 1 1 0 1 0 1 0 1 0 1 0 0 0 0 1 1 1 1 1 0 1 0 0 0 0 0 1 0 0 0 0 0 0 1 1 1 1 1 0 
1 0 0 0 1 0 0 0 0 0 0 1 0 1 1 1 1 1 0 0 1 1 0 1 0 0 0 1 0 1 1 1 0 0 1 0 0 0 0 0 1 0 1 1 1 1 
0 0 1 0 0 1 0 1 1 1 1 1 1 1 0 1 0 1 0 0 0 0 1 0 1 0 0 1 0 0 1 0 1 1 0 0 1 1 1 1 1 1 0 0 1 0 
0 0 1 0 1 0 1 1 0 0 1 0 1 0 0 0 1 1 0 1 1 1 1 1 1 1 0 1 0 0 1 0 1 0 0 0 1 1 1 0 1 0 1 0 0 0 
0 1 0 1 1 1 0 0 1 1 1 0 1 1 0 1 1 0 1 0 0 1 1 1 1 1 1 1 1 1 0 1 0 0 0 0 1 1 0 1 1 0 1 0 1 0 
0 0 0 0 0 1 1 0 1 1 0 1 1 1 1 0 1 1 1 0 0 0 1 1 1 1 0 1 0 0 1 1 1 0 0 1 1 0 1 1 1 0 0 0 1 1 
1 1 0 1 1 1 0 0 0 0 1 1 0 0 0 1 0 0 1 1 1 0 1 0 1 0 1 1 1 1 1 0 0 1 0 0 1 1 1 1 0 0 1 1 1 0 
0 0 0 0 1 0 0 1 0 0 1 1 1 1 0 1 0 0 0 1 1 1 1 0 0 0 1 1 0 0 0 1 1 0 0 0 0 1 0 0 1 1 0 1 1 0 
0 1 0 0 1 0 0 0 0 1 0 1 0 1 1 0 0 1 0 1 0 1 1 0 1 0 1 0 0 0 0 0 0 1 0 0 1 0 0 0 1 1 1 0 1 1 
0 0 1 1 1 0 0 1 0 1 1 0 0 0 0 1 1 0 1 1 0 0 0 1 0 1 0 1 0 1 1 1 1 1 0 1 1 1 0 0 0 0 0 1 1 1 
1 1 0 1 1 1 1 0 0 0 1 0 0 1 0 0 0 1 0 0 1 0 0 0 1 1 0 0 0 1 0 1 0 1 1 1 0 0 0 1 0 1 1 1 1 0 
1 1 1 1 0 0 1 0 0 1 0 1 1 0 0 0 1 0 0 0 1 1 0 1 1 0 0 1 0 0 0 1 1 1 1 1 1 1 1 0 0 1 1 1 1 1 
1 1 0 1 1 0 0 0 0 1 1 1 0 1 0 0 0 0 1 0 0 1 0 0 0 0 0 0 0 1 1 0 0 1 0 1 1 0 0 1 0 1 1 0 0 0 
1 1 0 0 1 1 0 1 1 1 1 1 1 0 1 0 1 0 1 1 0 0 1 0 1 0 0 1 1 0 1 1 0 0 1 0 1 0 0 0 0 1 1 1 0 0 
1 0 1 1 0 0 1 1 0 0 1 1 0 1 0 1 0 1 0 0 0 0 0 1 0 1 1 0 1 0 1 0 1 0 1 1 1 1 0 0 1 1 1 1 1 1 
0 1 0 0 1 1 1 0 0 0 0 1 1 1 0 0 0 0 0 1 0 0 0 1 1 0 1 0 0 0 0 1 0 0 1 0 0 0 0 0 1 0 0 0 1 1 
0 1 0 1 0 1 1 1 1 0 1 0 1 0 0 1 1 1 0 0 1 0 1 0 1 0 1 1 0 0 1 0 1 1 1 1 0 0 1 1 0 0 1 0 1 0 
0 0 0 1 1 1 1 0 0 1 0 1 1 0 0 1 0 0 1 0 0 0 0 0 0 1 1 1 1 1 1 1 0 0 0 1 1 0 0 0 0 1 0 1 1 1 
0 1 1 0 1 1 0 1 1 0 0 0 0 0 0 1 0 1 0 1 0 1 0 0 1 1 1 0 1 1 1 0 0 0 1 0 0 0 1 0 1 1 0 0 0 0 
0 0 1 1 1 1 1 0 1 1 0 1 0 0 1 0 0 0 1 1 0 0 0 0 0 1 0 1 1 1 0 0 0 1 1 0 1 0 1 0 1 0 0 1 1 1 
1 0 1 1 0 1 0 0 0 1 0 1 0 0 1 1 0 1 1 0 1 0 0 1 1 0 1 1 1 1 1 1 0 1 1 0 1 0 1 1 1 0 1 1 1 0 
1 1 0 0 1 1 0 1 1 1 1 0 1 1 1 0 0 0 1 0 0 1 1 0 0 0 0 1 0 1 1 0 0 1 0 1 0 0 1 0 0 0 0 1 0 0 
1 0 0 1 1 1 1 0 0 0 0 0 0 0 1 1 0 0 1 1 1 0 1 0 0 0 1 0 0 0 1 0 0 0 1 0 1 0 1 1 0 1 0 1 0 0 
0 1 0 1 1 0 0 1 0 0 1 0 1 1 1 0 0 0 0 0 1 1 1 0 1 0 0 1 0 0 1 1 0 0 1 1 1 1 1 0 0 1 1 0 0 1 
0 0 1 0 1 0 0 0 0 0 1 0 0 0 0 1 0 0 1 0 0 0 0 0 0 0 0 0 0 0 0 1 1 1 1 1 0 1 1 1 0 0 1 0 0 1 
0 0 1 1 0 0 0 1 1 1 0 0 1 1 1 0 1 1 0 0 1 1 0 1 0 1 0 0 0 1 0 1 1 0 1 1 1 0 1 0 0 1 1 1 1 0 
1 0 1 0 0 0 1 0 0 1 1 0 0 1 1 0 1 1 1 1 1 1 0 1 1 0 1 0 0 0 0 1 0 0 1 1 1 1 0 1 1 1 0 1 0 1 
1 0 1 0 0 0 0 0 1 0 1 1 0 0 1 0 1 1 0 0 0 0 0 1 1 0 1 0 1 0 0 1 0 1 1 1 0 0 0 1 1 1 0 1 1 0 
1 1 0 1 1 1 1 0 1 1 1 1 0 1 1 1 0 0 1 1 0 1 1 1 1 1 1 0 0 1 0 0 1 0 1 1 0 1 1 1 0 1 1 0 1 1 
0 1 0 0 1 0 1 0 0 1 0 1 1 1 0 0 1 1 1 1 0 0 1 0 1 1 0 0 0 0 1 0 1 0 1 1 0 1 0 1 1 1 0 1 1 0 
1 0 0 0 0 1 1 1 0 0 1 0 0 1 0 1 1 0 1 0 1 0 0 1 0 1 1 1 0 1 0 1 0 1 0 1 1 0 1 1 1 1 0 0 1 1 
1 1 0 0 0 0 0 0 0 1 0 0 1 1 0 1 1 0 1 1 1 0 0 1 0 1 1 1 1 1 1 0 0 0 0 0 0 0 1 0 1 0 1 1 0 1 
1 1 1 0 1 1 0 1 1 1 0 0 1 1 1 0 0 1 1 0 0 0 1 1 0 1 0 1 0 1 0 0 0 0 0 0 1 1 0 1 0 0 1 0 0 0 
0 0 1 1 0 1 1 1 1 0 0 1 0 0 0 1 1 1 0 0 1 0 0 1 0 1 1 1 0 1 0 0 1 0 1 0 1 1 1 0 1 0 0 0 1 0 
0 1 0 1 1 0 1 1 1 0 1 0 1 1 1 1 0 1 1 1 0 0 1 1 0 1 0 0 1 1 0 0 0 1 1 0 0 0 1 0 1 1 0 1 0 1 
0 1 1 1 1 0 1 1 0 1 0 0 1 1 0 0 0 0 0 1 0 1 0 1 1 1 1 0 0 0 0 1 1 0 1 1 1 0 1 0 1 1 1 1 1 1 
0 0 1 0 0 0 1 1 0 0 1 0 0 1 1 1 1 1 1 0 1 0 1 1 0 1 1 1 0 1 1 1 1 1 1 1 0 1 0 1 0 1 0 0 1 0 
0 1 1 0 0 1 1 1 1 1 1 0 0 0 1 0 1 0 1 1 1 1 0 1 1 0 0 0 1 0 1 0 0 1 0 1 1 0 0 0 1 1 0 1 1 0 
0 0 1 0 0 1 0 0 1 1 1 1 0 0 1 0 0 0 1 0 1 0 1 1 1 1 0 1 1 1 0 0 0 0 0 1 1 1 1 1 0 0 0 0 0 0 
0 1 1 0 1 0 0 1 1 0 0 0 0 1 1 0 1 1 1 1 0 1 1 1 1 0 1 1 0 1 0 0 1 0 1 0 0 0 0 0 0 0 0 1 1 1 
0 0 0 1 0 0 1 0 0 0 0 1 1 0 0 1 0 1 1 1 1 0 0 1 0 1 1 1 1 0 0 0 1 0 0 0 0 0 0 0 0 1 0 1 0 1 
0 1 0 0 0 0 1 0 1 1 0 1 0 0 1 0 0 0 0 1 1 0 0 1 0 1 0 0 1 1 0 0 0 0 1 1 1 0 1 1 0 0 1 0 0 1 
0 1 0 0 1 1 0 0 0 1 1 1 1 0 0 1 1 1 1 0 1 1 1 1 1 0 1 0 1 0 1 0 0 1 1 0 1 0 0 0 1 1 1 0 0 1 
0 0 0 1 1 0 1 0 0 1 1 1 1 0 0 0 0 0 0 0 1 1 1 1 0 0 1 0 0 1 1 1 1 0 1 1 0 1 0 1 0 1 1 0 1 0 
48
0 0 1 1 1 1 1 1 0 1 0 1 0 0 0 0 1 1 0 1 0 1 0 0 1 0 0 1 1 1 0 1 0 0 1 0 1 0 0 1 1 1 0 1 1 1 0 1 
0 0 1 1 1 1 1 1 1 0 0 1 1 0 1 1 1 0 1 0 0 1 0 1 0 0 1 0 1 1 0 0 1 1 0 0 0 0 0 1 0 0 1 0 1 0 1 0 
0 0 0 1 0 1 0 0 1 0 1 0 1 0 0 0 0 1 0 1 0 0 1 0 0 1 0 0 1 1 1 0 0 0 1 1 0 1 1 1 1 0 1 1 1 0 1 1 
1 1 1 0 1 1 1 0 0 0 1 1 1 0 0 0 0 0 1 0 0 1 0 1 0 1 0 1 1 0 0 0 1 0 1 1 1 1 0 0 1 1 1 0 1 0 0 1 
0 0 0 1 0 1 1 0 1 0 1 1 1 1 1 0 1 0 1 1 0 1 1 0 1 0 1 1 1 0 0 0 1 0 0 0 0 1 0 0 0 1 0 1 1 0 1 0 
1 1 1 1 0 0 0 1 1 1 0 0 1 0 0 1 0 0 0 1 0 1 1 1 1 1 0 1 1 0 1 1 0 0 0 1 1 1 0 1 0 1 0 0 0 1 0 1 
0 0 1 0 1 0 0 0 0 1 0 0 1 1 0 0 0 0 0 0 1 1 0 1 1 1 1 1 1 1 0 1 0 1 0 0 0 1 0 1 1 1 1 0 0 0 1 0 
0 0 0 1 0 0 0 0 0 0 0 1 1 1 0 0 1 1 1 0 1 1 0 0 0 0 1 1 1 1 0 1 0 1 1 0 0 0 0 0 0 1 1 0 1 1 0 1 
0 1 1 0 0 0 1 0 0 0 0 1 0 0 1 0 1 1 0 1 1 0 0 0 1 1 1 0 1 0 0 1 1 1 0 1 1 0 0 0 0 1 1 1 0 0 0 0 
0 0 0 1 1 0 1 0 0 0 1 0 1 0 1 1 1 0 0 1 0 0 1 1 1 1 1 0 0 0 1 1 0 1 0 1 0 0 1 1 1 0 1 0 0 1 1 0 
0 1 0 1 0 0 0 0 0 1 0 1 0 0 0 0 0 0 1 0 0 0 1 1 1 1 0 1 0 1 0 1 1 0 0 0 0 1 0 0 1 1 0 0 0 0 1 1 
0 0 1 0 0 1 0 1 0 1 1 0 0 1 1 1 0 1 1 1 1 1 1 1 0 0 0 1 0 0 0 1 0 1 0 0 1 1 1 0 1 0 1 1 1 1 0 1 
1 1 1 1 0 1 0 0 1 0 1 1 0 1 1 1 0 0 0 0 1 1 0 0 1 0 1 0 0 1 1 0 1 1 0 0 1 0 0 1 0 0 1 1 1 0 0 1 
1 0 0 1 1 0 0 1 1 0 1 0 1 0 1 0 1 1 0 0 1 1 0 1 1 0 0 1 0 1 1 0 0 0 1 1 1 0 1 1 0 1 0 1 0 0 0 0 
1 1 1 0 0 1 0 1 0 0 1 0 0 1 0 1 0 0 1 0 0 0 0 1 1 1 1 1 1 0 1 1 0 0 0 1 1 1 0 1 0 1 0 0 1 1 1 1 
0 1 1 1 0 0 0 0 1 1 1 0 1 0 1 0 0 1 0 0 1 1 0 0 0 0 0 0 0 1 1 1 0 0 0 1 0 0 1 1 0 0 0 0 0 0 0 0 
0 1 0 1 0 0 1 1 0 0 1 1 0 1 0 1 0 1 0 1 0 1 0 1 0 0 1 0 1 1 1 0 1 1 1 0 0 1 1 0 0 0 1 0 0 1 1 0 
1 1 1 1 1 1 0 0 1 0 1 1 1 0 0 1 0 0 1 0 1 1 1 1 1 1 1 0 1 1 0 1 1 1 1 0 0 1 1 1 0 0 1 0 0 0 0 1 
0 1 1 0 1 0 0 0 1 0 0 0 1 0 0 0 1 1 0 1 0 1 1 0 0 0 1 1 0 1 0 0 1 1 1 0 1 1 0 1 0 0 0 0 1 0 1 0 
1 1 0 0 1 0 0 1 1 0 0 0 0 0 1 1 1 1 0 0 0 0 1 0 1 1 0 1 0 1 1 1 1 0 1 1 1 1 0 1 0 1 1 1 1 1 0 1 
0 0 0 1 1 0 0 0 1 1 0 1 0 1 1 0 1 0 1 1 0 1 1 1 0 1 1 0 0 1 1 1 0 0 1 0 0 0 0 0 0 0 1 0 1 1 0 0 
0 1 0 1 0 1 0 0 1 1 1 1 1 0 1 1 0 0 0 1 1 0 1 0 0 0 1 0 0 0 0 0 0 0 0 0 1 1 0 1 1 0 0 0 0 0 0 0 
0 1 1 1 1 1 1 0 0 0 1 0 0 0 0 0 1 1 1 1 1 0 0 1 0 1 0 1 1 0 0 0 0 0 1 1 1 0 0 0 0 1 1 1 1 1 1 0 
1 1 1 1 0 1 1 0 1 0 0 1 0 0 0 0 0 0 0 1 1 1 0 0 0 0 1 0 0 1 1 1 1 1 1 0 0 1 0 1 0 0 1 1 1 0 0 1 
1 1 1 0 0 0 0 1 1 0 0 1 0 1 1 1 0 1 0 0 0 1 0 0 0 1 1 1 0 0 0 1 1 0 1 1 1 1 0 0 0 1 0 0 0 0 1 1 
1 1 1 0 1 0 0 1 0 0 0 1 0 1 0 1 0 0 1 1 0 1 1 0 0 0 1 0 1 0 1 1 0 1 1 0 0 1 0 1 1 1 1 1 0 0 1 0 
0 1 0 0 1 0 1 1 0 1 0 0 0 1 0 0 1 0 1 1 0 0 1 1 0 0 0 0 0 0 1 0 1 0 0 0 0 1 1 0 0 0 1 0 0 0 1 0 
1 0 0 0 0 0 0 0 0 0 0 1 1 0 0 1 0 1 1 1 1 1 1 0 0 0 0 0 0 0 1 1 0 0 1 0 1 0 0 1 0 1 1 1 1 1 0 1 
1 0 1 1 1 0 1 1 0 1 0 1 0 0 0 1 1 1 1 1 1 0 0 1 0 0 1 1 0 0 1 0 0 1 0 1 1 1 0 1 1 0 1 1 1 0 1 1 
1 1 1 0 0 1 0 1 0 1 0 0 0 0 0 0 0 0 0 1 1 1 1 1 1 0 0 1 0 0 1 0 0 0 1 0 1 1 0 0 1 0 1 0 1 1 0 0 
0 1 1 0 0 0 0 0 0 1 1 1 0 0 0 1 1 1 0 0 0 1 1 0 1 0 1 1 0 0 0 0 1 0 1 1 1 1 1 1 0 0 0 0 1 1 1 1 
1 0 0 1 1 0 1 0 1 0 1 1 1 1 1 1 0 0 1 0 0 0 1 1 0 1 1 1 1 0 0 0 1 1 1 1 1 0 1 1 0 1 0 0 0 0 0 1 
0 0 0 1 1 1 1 0 1 0 1 0 0 1 1 1 0 1 1 0 1 0 1 1 0 0 1 1 0 0 1 1 0 1 0 0 0 0 1 0 1 1 0 0 1 0 1 0 
0 0 0 0 1 0 1 0 0 1 1 1 0 0 1 0 1 0 0 1 0 1 1 1 0 0 0 0 0 1 0 0 0 0 0 0 1 1 1 1 1 0 0 0 0 0 1 1 
1 1 0 0 1 1 1 1 1 1 1 0 1 0 0 1 1 0 1 0 1 1 1 0 0 1 0 0 1 1 1 1 1 0 0 1 0 0 0 1 1 0 1 1 0 0 0 1 
1 1 0 0 1 0 1 0 1 0 0 0 0 1 1 1 0 0 0 0 0 0 1 0 0 1 0 1 1 0 1 0 0 1 0 0 0 1 0 1 1 0 0 0 0 0 0 1 
1 1 0 1 0 0 1 0 1 0 0 0 0 0 1 0 1 0 1 0 1 1 0 0 1 1 0 1 1 1 1 1 0 0 1 1 0 0 0 1 0 0 1 0 0 1 0 0 
0 0 1 1 0 1 0 1 0 1 1 0 1 0 0 0 0 0 1 1 1 1 0 0 0 1 1 1 0 1 1 1 0 0 1 1 0 0 1 0 1 1 0 1 0 0 0 0 
1 0 0 1 0 0 0 0 1 1 0 1 1 0 1 1 0 1 0 0 1 0 1 0 1 0 1 1 0 0 0 1 0 1 1 1 0 0 0 0 1 0 0 0 1 1 1 1 
1 1 0 1 1 0 0 0 0 1 1 1 0 1 0 1 1 1 0 0 0 1 1 0 0 1 0 1 0 1 1 0 0 1 1 1 1 1 0 0 1 1 1 0 0 0 0 1 
0 1 0 1 0 0 1 1 0 0 0 0 1 1 0 1 1 1 0 0 1 1 0 0 1 0 1 0 1 0 1 1 1 0 0 1 1 1 1 1 0 1 1 1 1 0 1 1 
1 1 0 1 0 0 1 0 1 1 1 1 0 1 1 1 0 1 1 1 0 0 1 1 1 1 1 0 0 1 0 0 1 1 1 1 1 1 0 1 0 0 1 1 1 0 1 1 
0 0 0 0 1 0 1 1 1 1 0 1 1 1 0 0 0 0 0 0 0 1 1 0 1 1 0 0 1 0 0 1 0 0 1 1 0 0 0 1 1 0 0 0 0 0 0 0 
1 0 0 1 1 1 1 0 0 0 0 0 1 1 0 1 0 1 1 0 0 1 0 0 1 1 1 1 1 0 1 1 1 1 0 1 0 1 1 1 1 0 0 0 0 1 0 0 
1 0 1 0 0 1 1 0 0 1 1 0 0 0 1 1 0 0 0 0 0 1 1 1 0 1 1 1 0 1 0 1 1 0 0 0 0 0 1 0 0 0 1 1 0 0 1 0 
1 0 1 1 0 1 0 0 0 0 1 0 1 1 1 1 0 0 1 1 0 0 0 0 1 0 0 0 1 0 0 0 0 0 1 1 1 0 1 0 1 1 1 1 1 0 0 1 
1 1 0 1 0 1 1 0 0 0 1 1 0 0 0 1 1 1 1 1 0 1 1 0 0 0 0 0 1 1 1 1 0 0 0 1 0 0 1 1 0 1 0 1 1 0 0 1 
0 1 1 0 1 0 0 1 1 0 1 0 1 1 1 1 1 0 0 1 1 0 0 1 1 0 0 1 1 1 1 0 1 1 1 0 0 1 1 1 0 0 0 1 0 1 0 0 
12
0 1 1 1 0 0 0 1 1 1 0 0 
1 0 0 0 0 0 0 0 0 1 0 1 
0 1 0 0 0 0 0 0 1 0 1 0 
0 1 0 0 1 0 1 0 1 0 1 1 
0 0 0 0 0 1 0 1 0 0 0 1 
0 0 0 1 1 0 0 1 0 0 1 1 
1 0 0 1 1 1 0 0 0 1 0 0 
1 1 0 1 0 0 0 0 1 0 1 0 
0 0 1 1 0 1 0 0 0 1 1 1 
1 0 0 1 1 1 0 1 1 0 1 1 
1 1 1 0 1 0 1 1 0 0 0 0 
0 1 0 1 0 0 0 0 0 1 1 0 
33
0 1 1 1 0 0 1 0 1 0 0 1 0 0 1 1 1 1 1 0 0 0 1 1 0 0 1 1 1 1 0 1 0 
1 0 0 1 0 1 1 1 1 1 1 1 0 0 0 0 1 1 0 1 1 1 0 1 1 1 1 0 0 0 1 0 0 
0 0 0 0 1 1 0 1 1 0 1 1 1 0 0 0 0 1 1 0 1 1 0 1 0 1 0 1 1 0 0 1 1 
0 0 0 0 0 1 1 0 0 1 1 0 0 0 0 1 1 1 1 1 0 1 1 0 0 0 1 1 0 1 1 1 0 
1 0 0 0 0 0 1 1 1 0 0 1 0 0 0 0 0 1 0 1 1 0 0 1 0 0 1 0 0 0 0 1 0 
1 0 0 1 0 0 1 1 0 1 1 1 0 1 1 1 0 1 0 0 1 0 1 1 1 1 1 1 1 1 1 0 0 
0 1 1 0 1 0 0 1 0 0 1 1 0 1 1 1 0 0 0 1 0 1 1 0 0 1 0 0 1 1 1 1 0 
0 1 0 0 0 1 0 0 0 1 1 1 0 1 0 0 0 1 1 0 1 0 0 1 1 0 1 0 1 0 1 1 0 
0 0 1 1 0 1 1 0 0 1 0 0 0 0 1 0 1 0 1 0 0 0 0 1 0 1 1 0 0 0 1 0 1 
0 1 1 0 1 1 1 0 0 0 0 0 0 0 0 1 1 0 0 0 0 1 0 1 0 0 1 1 0 1 1 1 0 
1 0 0 0 0 1 0 1 0 1 0 1 0 1 1 0 1 1 0 1 0 0 0 0 0 0 0 0 0 1 0 1 1 
0 1 1 1 1 1 1 1 1 0 0 0 0 0 1 1 0 1 1 0 0 1 0 1 0 0 0 1 1 1 0 1 1 
1 1 0 1 0 1 1 0 1 1 0 0 0 0 1 0 0 0 0 0 1 0 1 1 1 0 1 1 1 0 1 0 1 
0 1 0 1 1 0 1 0 0 0 0 0 1 0 0 1 0 0 0 0 0 1 1 0 0 0 1 1 0 0 0 1 1 
1 1 0 0 0 1 0 0 0 0 1 1 0 0 0 1 1 1 1 0 0 0 0 1 1 1 1 0 1 0 1 1 0 
0 1 1 1 1 0 1 0 1 1 1 0 1 1 0 0 1 1 1 1 1 1 1 1 1 0 0 1 0 0 0 0 1 
0 1 0 0 0 1 1 1 1 1 0 0 0 1 0 0 0 1 1 0 1 1 1 1 1 1 0 1 1 0 0 1 0 
1 1 1 0 0 0 1 0 1 1 0 1 1 0 1 0 1 0 1 0 1 0 0 1 1 1 1 1 0 0 0 1 1 
1 1 1 0 1 0 0 0 1 0 0 1 0 1 0 1 1 1 0 0 0 1 0 1 1 0 1 0 0 0 0 1 1 
0 1 0 0 0 1 0 1 1 0 0 1 1 0 1 1 1 0 1 0 0 1 1 1 0 0 0 1 1 0 0 0 1 
0 0 0 1 0 1 0 1 1 1 0 0 1 1 1 0 1 0 0 0 0 0 1 1 1 1 1 0 0 1 0 1 0 
1 1 0 1 1 1 1 1 1 1 0 0 0 0 0 0 1 1 1 1 0 0 0 0 1 1 1 0 0 1 0 1 1 
1 1 1 1 1 0 0 0 0 0 1 0 1 0 1 1 1 0 1 1 1 0 0 0 1 0 0 0 0 1 1 1 0 
0 0 0 0 1 0 0 1 1 1 1 1 1 1 1 1 0 0 0 1 1 1 0 0 1 1 0 1 0 0 0 0 1 
0 1 0 0 0 1 0 0 0 1 1 0 0 1 1 0 1 0 0 0 1 1 1 1 0 0 0 0 0 0 1 0 1 
0 0 1 1 0 1 1 0 0 0 1 1 0 0 0 0 0 1 0 0 1 0 0 0 0 0 0 0 0 1 0 0 1 
0 1 1 0 0 0 1 0 1 0 0 0 1 0 1 0 0 0 1 1 1 1 0 1 0 0 0 0 0 0 0 1 1 
0 1 1 0 0 0 1 0 1 0 1 0 1 0 1 1 1 0 1 0 1 1 0 0 0 1 0 0 0 0 1 0 0 
0 0 1 0 0 1 0 0 0 0 1 0 1 1 0 0 1 0 0 0 1 0 1 0 0 0 1 1 0 1 1 0 1 
0 0 0 1 0 1 1 1 0 0 1 1 0 0 1 1 0 1 1 0 1 0 1 0 1 1 0 0 0 0 1 0 0 
0 1 1 1 0 0 1 0 1 1 0 1 0 1 1 0 0 1 0 1 1 0 1 0 0 1 0 0 1 1 0 1 0 
0 0 1 0 0 0 1 0 1 1 1 1 0 0 1 0 0 0 0 1 1 0 1 0 1 1 0 1 0 1 1 0 0 
1 0 1 1 0 0 0 1 1 1 0 0 0 0 0 0 0 0 1 0 1 0 0 1 1 0 1 1 1 0 1 0 0 
1
0 
25
0 1 1 1 1 0 1 1 1 0 0 0 1 1 0 1 0 1 1 1 0 0 1 0 0 
0 0 1 0 1 1 0 1 1 0 1 1 1 0 0 0 1 0 1 0 1 1 1 0 1 
1 1 0 0 1 1 0 0 0 0 0 1 0 1 1 1 0 0 1 1 0 0 0 1 0 
1 0 0 0 1 0 0 1 1 0 0 0 0 1 0 1 0 0 1 0 1 0 0 0 1 
1 1 0 1 0 1 1 0 0 0 0 1 1 1 1 0 0 0 1 1 1 1 0 1 0 
0 1 1 0 1 0 0 1 1 0 1 0 0 1 1 1 1 0 1 1 0 0 1 1 0 
1 1 1 0 1 1 0 0 1 1 0 1 1 0 0 0 0 0 1 1 1 1 0 1 0 
0 0 1 0 0 1 0 0 0 0 0 0 1 1 1 0 1 0 0 0 1 1 0 0 0 
0 1 1 1 0 0 1 1 0 1 0 0 1 1 1 0 0 1 1 1 1 1 0 1 0 
0 0 0 1 1 0 1 1 1 0 0 0 0 0 1 1 0 0 0 0 0 0 0 1 0 
1 1 1 0 0 0 0 0 0 1 0 1 1 0 1 1 1 1 1 1 0 0 1 0 0 
1 0 1 1 0 1 1 1 1 0 0 0 0 1 0 1 0 1 1 1 1 1 0 1 1 
0 1 0 0 0 0 0 1 1 0 1 0 0 1 0 1 0 0 1 1 1 1 0 1 1 
0 1 0 0 1 1 1 0 0 0 1 0 1 0 1 1 0 1 1 0 0 0 1 1 1 
1 0 0 1 1 0 1 1 1 0 0 0 1 1 0 1 0 0 1 0 1 1 1 1 1 
0 0 1 0 1 1 0 0 0 0 1 1 1 1 1 0 0 1 0 0 1 0 1 1 1 
0 0 1 1 1 0 0 0 1 0 0 1 1 1 1 0 0 0 0 0 0 1 1 1 1 
0 1 0 0 1 1 1 0 0 0 0 0 0 1 0 0 0 0 1 0 1 0 0 0 1 
1 0 1 1 0 1 0 0 0 0 1 1 1 0 0 1 0 0 0 1 1 1 1 1 1 
0 0 1 0 1 0 0 1 0 1 0 0 0 0 0 1 0 0 1 0 0 0 1 0 0 
0 0 0 0 1 0 0 0 1 1 0 0 1 0 1 0 1 1 0 1 0 0 0 0 1 
1 0 1 0 1 0 0 0 1 1 1 0 0 1 1 1 0 1 1 1 0 0 1 0 1 
1 1 1 1 1 0 0 0 1 1 1 0 0 1 0 1 1 1 1 1 1 0 0 1 0 
1 1 0 0 1 1 1 1 1 0 0 0 0 1 1 0 0 1 0 0 1 1 1 0 0 
1 1 0 1 0 0 1 0 1 1 0 1 0 1 0 0 0 1 0 0 0 0 1 0 0 
3
0 0 0 
0 0 1 
1 1 0 
19
0 0 0 0 1 1 0 1 1 1 0 1 0 0 1 1 0 1 0 
1 0 0 1 1 0 0 0 1 0 0 1 0 0 0 0 0 1 1 
1 0 0 1 1 0 0 0 1 1 0 0 1 0 1 1 0 0 0 
0 0 0 0 1 0 0 1 1 0 0 1 0 1 1 1 1 0 1 
1 0 0 1 0 0 0 1 0 0 0 0 0 1 0 0 1 0 0 
1 1 1 0 0 0 1 1 1 0 1 0 0 1 1 0 1 1 0 
0 0 0 1 0 1 0 0 1 1 0 0 0 1 1 1 0 0 1 
0 1 0 1 0 0 1 0 1 0 1 0 1 0 0 0 1 0 0 
1 0 0 0 0 1 1 1 0 0 1 0 1 0 1 1 1 1 1 
0 1 0 0 0 0 1 1 0 0 1 1 1 1 0 0 0 0 1 
1 1 0 0 0 0 0 0 0 1 0 0 1 0 0 0 0 1 0 
1 0 1 0 0 1 0 1 1 0 0 0 0 1 0 1 0 1 0 
0 1 1 0 1 1 1 1 0 0 0 1 0 0 0 1 0 1 0 
1 1 0 0 0 0 0 1 1 1 0 0 1 0 1 0 1 0 1 
0 0 0 0 1 1 0 1 0 1 0 0 0 0 0 1 0 1 1 
0 0 1 1 1 1 0 1 1 1 1 0 0 1 0 0 1 1 1 
1 0 0 0 1 0 0 0 1 1 1 1 0 0 1 0 0 0 0 
1 0 0 1 0 0 1 1 1 1 0 0 0 0 1 0 0 0 0 
1 1 1 1 1 1 1 0 0 1 1 0 1 1 0 0 0 0 0 
27
0 1 1 1 0 1 1 0 0 1 0 0 0 0 0 0 1 1 0 1 1 1 0 1 0 0 1 
1 0 0 0 1 0 0 0 1 0 1 1 1 0 0 1 0 1 0 0 0 0 1 1 0 1 1 
1 1 0 1 1 0 1 1 0 0 0 1 0 1 1 0 0 0 1 0 0 0 1 1 0 0 0 
0 1 1 0 1 0 1 0 0 1 0 0 0 1 0 1 0 0 1 0 1 0 1 1 1 1 1 
0 0 0 1 0 1 0 0 0 1 0 1 1 0 0 0 0 0 1 1 1 1 0 0 1 1 0 
1 0 0 1 1 0 1 1 1 1 1 0 1 1 1 0 1 0 1 0 0 1 0 0 1 1 1 
0 1 0 0 1 0 0 0 1 1 0 1 0 0 1 1 0 0 0 0 0 0 0 0 1 0 0 
0 0 0 1 1 0 1 0 0 0 0 1 0 1 1 0 1 0 0 1 1 0 0 1 0 1 1 
1 1 1 1 1 1 0 0 0 0 1 1 0 0 0 0 1 0 1 1 0 1 0 0 1 0 0 
1 1 1 0 1 1 0 1 0 0 0 1 1 0 1 1 0 1 1 0 1 1 1 0 1 1 1 
1 1 0 1 0 1 1 1 0 1 0 1 1 1 0 0 0 0 0 0 0 0 0 1 1 1 0 
0 0 1 0 1 1 1 1 0 1 0 0 1 0 0 0 0 1 1 0 1 1 1 1 1 1 1 
0 0 1 0 1 0 1 1 0 0 0 0 0 1 0 1 1 0 1 0 1 0 0 0 0 0 0 
0 1 0 1 0 1 1 0 0 1 1 0 1 0 0 1 1 0 0 1 1 0 0 0 1 0 0 
0 1 1 0 0 0 0 0 1 0 1 0 1 1 0 1 0 1 1 1 0 0 0 0 0 0 1 
1 1 1 0 0 1 0 0 0 1 0 0 1 0 1 0 1 0 0 1 0 1 1 1 0 0 0 
0 0 0 1 0 1 1 0 1 0 0 0 0 1 1 1 0 0 1 0 1 1 0 0 1 0 1 
0 0 0 0 0 1 1 0 1 1 1 0 1 1 0 1 0 0 1 1 0 1 0 0 0 0 0 
0 0 0 1 1 1 1 1 0 1 1 0 0 0 0 1 0 1 0 1 1 0 0 1 0 0 0 
1 0 0 0 1 1 0 1 1 0 0 0 0 0 1 0 0 1 1 0 1 1 1 1 1 0 1 
0 0 1 1 1 0 0 1 0 0 0 0 1 0 0 1 1 0 1 1 0 0 1 0 1 0 0 
1 1 0 0 1 1 1 1 1 0 0 0 0 0 0 0 1 1 1 0 1 0 0 0 0 0 0 
0 0 0 1 0 0 1 1 0 1 0 0 1 1 0 1 1 0 1 1 1 1 0 1 0 0 1 
0 0 1 0 0 0 1 0 0 1 1 0 0 1 0 0 0 0 0 1 1 1 1 0 1 1 1 
0 0 1 1 1 1 0 0 0 0 1 1 1 0 1 0 1 0 0 1 0 1 1 1 0 0 1 
0 0 0 1 0 1 0 0 1 0 0 1 0 0 1 0 1 0 0 0 1 0 1 1 1 0 1 
0 1 0 1 0 0 1 1 0 1 0 1 1 0 0 1 1 1 0 0 1 1 1 0 0 0 0 
13
0 1 0 1 0 1 0 1 0 0 1 1 0 
1 0 0 0 1 1 1 1 0 0 0 0 1 
0 1 0 1 0 0 1 1 0 1 0 0 0 
0 0 1 0 1 0 1 1 1 1 0 1 1 
0 1 0 0 0 0 0 1 0 0 1 1 0 
1 1 1 0 1 0 1 1 1 0 1 1 0 
1 0 1 0 0 1 0 1 0 1 0 0 1 
1 1 1 1 1 1 1 0 0 1 1 1 0 
1 1 1 0 1 0 0 1 0 1 0 0 1 
0 0 1 0 0 1 0 1 1 0 1 1 0 
1 0 0 0 1 0 1 0 0 0 0 1 0 
1 1 0 1 1 0 1 0 0 0 0 0 1 
0 0 0 1 0 0 0 0 1 0 1 1 0 
26
0 1 1 1 1 1 0 1 0 0 0 1 1 0 0 1 0 1 0 1 1 1 1 0 0 0 
1 0 1 1 1 1 0 0 0 1 0 0 1 0 0 0 0 1 1 1 0 0 1 1 1 0 
1 1 0 0 0 0 0 0 1 1 0 0 1 1 0 0 1 1 1 0 1 0 1 1 0 0 
1 1 1 0 1 1 0 1 0 0 1 0 0 1 1 0 0 0 1 0 1 0 1 0 1 0 
0 0 1 0 0 1 0 1 1 1 1 0 1 0 0 0 0 1 0 1 1 0 1 1 1 0 
1 1 0 1 1 0 1 1 1 1 0 1 1 0 0 1 1 1 0 0 1 0 0 1 1 0 
1 1 1 1 0 0 0 0 0 0 0 1 0 1 0 0 1 0 1 1 1 0 1 1 0 1 
0 1 0 1 1 0 1 0 0 1 0 1 0 1 1 0 0 1 1 0 0 1 0 1 1 0 
1 1 0 0 1 0 0 0 0 1 1 1 1 1 1 1 1 0 0 0 1 0 0 1 1 1 
1 1 1 1 0 1 1 0 1 0 0 0 0 1 0 0 0 0 1 1 0 1 1 1 1 1 
1 1 1 1 0 1 1 1 0 0 0 1 1 1 0 1 1 1 1 0 0 1 1 0 0 1 
0 1 1 1 1 1 1 1 1 0 0 0 0 1 0 1 1 0 0 0 0 0 0 1 0 1 
0 1 0 1 1 1 0 1 0 0 0 1 0 1 1 0 0 0 0 1 0 1 0 1 1 1 
0 1 1 1 0 1 0 0 1 0 1 0 0 0 1 0 0 1 0 1 1 1 0 1 1 0 
0 0 0 0 1 1 0 1 0 0 0 1 0 0 0 0 1 1 0 1 0 0 1 0 1 1 
0 0 0 1 1 0 0 0 1 1 0 0 0 1 0 0 1 1 1 0 0 1 1 0 0 0 
0 0 0 1 0 1 0 0 0 0 1 1 1 1 1 0 0 0 0 1 0 1 1 0 1 1 
1 0 1 1 1 0 1 0 1 0 1 0 1 0 0 1 1 0 1 1 0 1 0 0 0 0 
0 1 0 1 1 0 1 1 0 0 0 1 1 0 1 1 0 1 0 1 0 1 1 0 0 0 
0 0 0 0 1 1 1 1 0 1 1 0 0 1 0 1 1 1 1 0 0 1 1 1 0 0 
1 0 0 1 1 0 1 0 1 1 1 0 1 1 1 1 1 1 1 1 0 1 1 0 0 1 
1 0 1 1 1 1 0 0 1 0 0 0 1 0 1 1 1 1 1 1 0 0 1 0 1 0 
0 1 0 1 0 0 1 0 1 0 1 0 0 1 0 0 1 1 0 0 0 1 0 1 0 1 
0 0 0 1 1 1 0 1 1 0 1 1 0 0 1 1 1 0 0 0 1 0 0 0 0 1 
0 1 1 0 1 0 0 1 0 0 0 0 1 0 0 0 1 0 1 1 1 1 1 0 0 0 
0 0 0 1 1 0 0 1 1 0 0 1 0 1 0 1 0 1 1 1 0 1 0 0 1 0 
3
0 0 1 
1 0 0 
1 1 0 
19
0 0 0 1 1 1 1 1 0 0 1 0 0 1 1 0 1 0 0 
1 0 1 0 0 1 1 0 1 1 0 1 1 0 0 0 1 0 1 
1 0 0 0 1 1 1 0 1 0 0 1 1 0 0 1 0 0 0 
0 0 1 0 1 0 1 1 0 1 0 1 0 0 1 1 1 0 1 
0 0 0 1 0 0 1 0 1 1 1 1 0 0 0 0 1 0 0 
0 1 0 1 1 0 1 0 1 0 0 0 0 1 1 1 1 0 0 
0 0 0 0 0 0 0 0 0 0 0 0 0 0 1 1 1 0 0 
0 0 1 1 0 0 1 0 1 0 0 1 0 0 1 1 0 1 1 
0 1 1 1 1 0 0 1 0 0 0 1 1 0 0 0 1 1 1 
0 1 1 0 1 0 1 1 1 0 1 1 1 1 1 1 1 0 1 
0 0 0 1 0 0 1 0 1 1 0 0 1 1 1 1 0 0 0 
0 0 1 0 1 0 1 1 1 0 0 0 0 1 1 1 1 0 1 
0 1 1 1 1 1 0 0 1 1 0 0 0 0 1 1 1 0 1 
1 0 0 0 1 1 0 1 1 1 1 1 0 0 1 1 0 1 1 
1 0 0 0 0 0 1 1 0 0 1 0 1 1 0 1 0 0 0 
1 0 1 0 0 1 0 1 1 1 0 1 0 1 0 0 0 0 1 
1 1 0 1 1 0 0 0 0 1 1 0 0 0 0 0 0 0 0 
0 0 1 0 0 0 0 1 1 0 0 0 1 0 0 0 0 0 1 
1 1 0 0 0 1 0 1 1 1 1 1 0 1 0 1 1 0 0 
15
0 0 1 0 0 1 0 0 0 1 0 0 1 1 1 
1 0 1 1 1 0 0 0 1 1 0 0 1 0 0 
1 0 0 1 0 0 1 1 1 0 0 1 1 0 0 
1 1 0 0 0 0 1 0 0 0 1 0 1 1 1 
0 0 1 0 0 1 1 0 0 1 0 0 1 0 1 
1 0 0 0 1 0 0 1 0 0 1 0 0 1 1 
0 1 1 0 0 1 0 0 1 1 1 0 1 0 0 
1 0 0 0 1 1 1 0 0 0 1 1 0 0 0 
1 1 1 1 0 0 1 0 0 1 1 1 1 0 0 
1 1 0 1 0 0 1 1 1 0 1 0 1 0 1 
1 1 1 1 0 0 0 0 1 1 0 1 1 1 1 
0 1 1 1 0 1 0 1 1 0 0 0 1 1 1 
0 0 1 0 0 1 1 0 0 0 0 0 0 1 0 
1 1 1 1 1 1 1 0 1 1 1 0 1 0 0 
0 1 0 1 0 0 1 0 1 0 1 1 0 1 0 
7
0 1 1 0 1 1 0 
1 0 0 1 1 0 0 
1 1 0 0 1 0 0 
1 0 1 0 1 1 1 
1 0 1 1 0 1 1 
1 0 0 1 1 0 0 
1 1 0 0 0 0 0 
36
0 1 0 1 0 1 1 1 1 0 1 1 1 1 0 0 1 1 0 0 0 1 1 0 0 0 0 1 0 1 0 1 0 0 1 1 
1 0 0 1 0 1 0 0 1 0 1 0 0 1 1 0 0 0 0 0 1 0 0 0 1 1 1 1 1 1 1 0 1 0 0 1 
1 1 0 1 0 0 0 1 0 1 0 1 0 0 1 1 0 1 0 1 1 0 1 0 0 1 1 0 1 0 1 1 1 1 1 1 
1 1 1 0 1 1 0 0 0 0 1 1 0 1 1 0 1 0 1 1 0 0 1 1 1 0 1 0 1 1 1 1 0 0 0 1 
1 0 0 1 0 0 1 1 0 1 1 1 0 0 1 1 1 1 0 0 0 1 1 0 0 0 0 0 1 0 0 1 0 1 0 0 
0 0 1 1 0 0 0 1 0 0 0 1 0 0 1 0 1 1 0 1 1 0 1 0 1 1 1 1 0 0 1 0 1 0 1 0 
0 1 0 0 1 0 0 1 0 1 1 1 0 1 0 1 1 1 1 0 1 0 1 0 1 1 0 1 1 1 1 1 1 1 1 0 
0 1 0 0 0 1 1 0 1 0 1 1 1 1 0 1 0 0 1 1 0 1 1 1 0 1 1 0 0 0 1 0 0 1 1 1 
1 0 1 0 0 0 0 0 0 1 1 1 0 0 1 1 1 1 1 0 0 0 0 1 0 0 1 0 1 1 1 0 0 1 0 0 
0 1 1 1 1 0 0 1 0 0 0 0 0 0 0 1 1 1 1 0 1 1 1 1 1 1 1 0 1 0 0 0 1 1 0 1 
0 0 0 0 1 1 0 0 1 1 0 1 1 0 1 1 0 0 0 0 0 0 1 0 1 1 1 1 1 1 1 1 0 0 0 0 
1 0 1 0 1 1 1 0 0 1 0 0 0 1 1 0 1 0 0 1 0 1 1 1 0 1 0 0 0 0 0 0 1 0 1 0 
0 0 1 0 1 1 1 0 0 1 0 1 0 1 0 1 1 0 0 1 1 0 0 1 0 1 0 1 1 1 1 1 0 0 0 0 
0 0 0 1 1 0 0 0 1 0 1 0 0 0 0 0 0 0 1 1 0 1 1 1 1 1 1 0 0 1 0 0 1 0 0 1 
1 0 0 0 1 1 1 1 0 1 1 1 1 1 0 0 1 1 1 0 0 0 1 1 0 1 0 1 0 0 1 1 0 1 1 1 
0 0 0 0 0 0 0 1 0 1 0 1 0 1 1 0 1 0 0 1 1 0 0 0 1 0 0 1 0 0 0 0 0 1 1 1 
1 1 1 0 1 0 1 1 1 0 1 0 0 0 1 0 0 0 0 1 0 0 0 1 1 0 1 0 0 1 1 1 1 1 0 1 
0 1 1 0 0 0 1 1 1 0 1 0 1 0 0 1 0 0 0 1 0 0 1 1 0 0 0 0 1 0 0 1 1 0 1 1 
1 1 0 1 1 0 1 0 1 0 0 0 1 0 1 0 1 1 0 1 1 1 0 1 0 0 0 1 0 0 1 1 0 0 0 1 
0 0 1 0 0 1 0 0 0 1 1 1 0 1 0 0 1 0 1 0 0 1 1 0 1 0 1 0 1 1 0 1 1 0 0 1 
1 1 1 1 1 1 1 0 0 1 1 1 0 0 0 0 0 0 0 1 0 0 1 0 1 0 0 1 0 0 0 0 1 1 1 0 
0 1 0 0 0 1 0 1 1 0 1 0 1 0 0 0 1 1 1 1 1 0 0 1 0 1 0 1 0 0 0 1 1 0 0 1 
0 1 0 1 0 1 1 1 1 0 0 1 0 1 1 1 0 1 1 1 1 1 0 0 0 0 0 1 1 1 1 0 0 0 1 0 
0 0 0 1 0 1 0 1 1 1 0 1 0 1 1 0 1 1 1 0 1 1 1 0 0 1 1 0 1 0 1 0 0 0 0 0 
1 0 1 0 1 1 1 0 0 0 1 1 1 1 1 0 0 1 0 1 1 0 1 0 0 0 1 0 0 0 1 0 0 1 1 0 
1 0 1 0 0 0 1 0 0 0 1 1 0 0 0 1 0 0 0 0 1 0 1 0 1 0 0 1 1 0 1 1 1 0 0 1 
0 1 0 0 1 1 1 0 0 0 0 0 0 0 1 0 0 1 1 1 0 1 1 0 0 0 0 1 0 1 1 1 0 1 1 0 
1 0 1 1 0 0 0 0 0 0 0 1 0 1 1 0 1 1 0 0 1 0 0 1 0 1 0 0 0 0 0 0 0 0 1 0 
0 1 1 0 0 0 1 1 1 0 0 1 1 1 1 0 1 1 0 1 0 0 0 0 1 1 1 1 0 1 0 0 1 0 1 0 
0 0 0 0 0 1 1 0 1 0 0 1 0 1 0 0 1 0 1 1 0 1 0 1 1 0 1 1 1 0 0 1 1 1 1 0 
0 1 0 1 1 1 1 1 1 1 0 0 1 0 0 1 1 0 1 0 0 1 0 1 1 0 0 0 0 1 0 1 1 0 1 0 
1 1 0 0 0 1 0 0 1 1 1 1 0 0 1 1 1 0 0 0 1 1 1 0 0 1 0 0 0 1 1 0 1 1 1 0 
1 1 0 1 1 0 1 1 1 1 1 0 1 1 0 0 0 1 0 0 0 1 1 1 0 1 1 1 1 1 1 0 0 1 0 1 
0 1 0 1 0 0 0 1 1 1 0 1 1 0 0 0 0 0 1 0 1 1 0 1 1 0 0 0 1 0 1 0 0 0 0 0 
0 1 0 1 1 1 1 1 1 0 1 0 0 1 0 1 1 0 1 1 1 0 0 0 1 0 1 1 1 0 0 1 1 1 0 1 
1 0 1 0 0 0 0 1 1 1 0 0 1 0 1 0 1 0 1 0 1 1 1 1 1 1 1 1 0 0 0 0 0 1 1 0 
29
0 1 1 1 0 0 0 0 1 1 0 0 1 0 0 0 0 1 1 0 0 1 0 1 0 0 0 1 0 
0 0 1 0 0 1 0 0 0 1 0 1 1 0 0 0 1 0 0 0 1 1 0 1 0 1 1 0 1 
0 1 0 1 1 0 0 1 0 0 0 0 1 0 1 0 0 1 1 0 0 0 1 0 0 0 1 0 0 
0 1 0 0 0 1 0 0 0 0 1 0 1 1 0 1 1 0 0 0 0 0 0 0 1 1 1 0 1 
0 1 1 1 0 0 1 1 1 1 1 0 1 1 1 1 1 0 1 0 0 1 1 0 1 1 0 1 0 
1 1 1 0 1 0 0 1 1 1 0 1 0 0 1 0 0 1 1 1 0 1 0 1 1 1 1 0 1 
1 0 0 1 0 1 0 0 1 1 1 1 1 0 1 0 1 1 1 1 1 0 0 1 0 1 0 1 0 
1 0 0 0 0 0 0 0 0 1 0 1 0 1 0 0 1 1 1 0 0 0 0 0 0 1 1 0 0 
0 0 1 1 0 1 1 0 0 0 1 1 0 0 0 1 0 0 1 0 1 0 0 1 0 1 1 1 1 
0 1 0 0 1 0 1 0 0 0 1 0 0 1 0 1 1 1 0 1 1 0 0 1 1 0 1 0 1 
1 0 0 1 1 0 1 1 0 1 0 0 1 1 1 1 0 0 0 1 0 0 1 1 1 1 1 0 1 
0 0 0 1 0 0 1 0 1 1 1 0 0 1 0 1 0 0 0 1 1 0 0 0 0 0 0 0 1 
1 1 0 1 0 1 0 0 1 1 1 1 0 1 0 0 1 1 0 0 1 1 0 1 0 0 1 0 1 
0 0 0 1 1 0 0 1 0 1 0 0 0 0 1 0 1 1 0 0 0 0 0 0 0 0 0 1 1 
1 0 0 0 0 0 1 1 1 0 1 1 0 1 0 1 1 1 1 0 0 1 1 1 1 0 1 0 1 
1 1 0 0 0 1 1 0 0 1 1 1 1 1 1 0 0 0 1 1 1 1 0 0 0 1 0 1 0 
0 0 0 1 1 0 1 0 1 1 1 0 0 1 1 0 0 0 0 0 0 1 1 0 0 0 1 0 0 
1 0 0 0 0 1 1 0 0 1 0 0 0 0 1 1 1 0 1 1 0 1 0 1 0 0 0 0 0 
0 1 1 1 0 1 1 0 0 1 1 0 0 0 0 0 1 0 0 0 1 0 0 1 1 0 0 1 1 
1 0 0 0 0 0 0 1 1 0 1 0 1 0 1 1 0 1 0 0 1 1 0 0 1 1 1 0 0 
1 1 0 0 0 0 0 0 0 0 1 1 0 1 1 1 1 1 0 1 0 1 0 0 1 0 1 1 1 
0 1 1 1 0 1 1 0 0 0 0 1 0 0 1 1 1 1 1 1 1 0 0 0 1 1 0 0 0 
1 1 0 1 1 1 0 0 1 0 1 1 1 0 1 0 1 0 1 1 0 0 0 0 0 1 0 0 0 
0 1 1 0 1 0 0 1 0 0 0 1 0 1 0 0 1 0 0 0 0 1 0 0 1 0 1 0 0 
1 0 0 0 1 0 0 1 1 1 0 1 0 0 0 0 1 0 0 0 1 0 1 0 0 1 0 0 1 
0 1 1 1 0 0 1 0 0 1 0 1 1 0 1 1 0 0 0 0 0 0 0 1 1 0 1 0 0 
0 0 1 1 0 1 1 0 0 1 0 0 1 0 0 1 1 0 1 1 0 1 1 0 1 0 0 1 0 
1 1 0 1 1 0 0 1 0 0 1 1 0 1 1 0 1 0 0 1 1 1 0 1 0 0 0 0 0 
0 1 0 1 0 1 1 0 0 0 0 0 0 0 1 1 0 1 1 0 0 0 0 0 1 1 1 0 0 
49
0 1 1 1 0 0 0 0 1 1 1 1 1 1 0 0 1 0 1 1 0 1 1 0 0 0 1 1 1 1 1 0 1 0 0 1 0 1 1 0 0 0 0 1 0 1 0 0 1 
0 0 0 1 1 0 1 0 0 0 0 0 1 0 0 0 0 1 0 0 0 1 1 1 1 0 1 0 1 0 0 1 0 0 1 1 1 1 1 0 0 1 1 1 1 0 1 1 1 
0 0 0 0 0 0 1 0 0 1 1 0 0 1 0 1 1 1 0 1 0 1 1 1 1 1 1 0 1 1 1 1 0 0 1 1 1 1 0 1 1 0 0 0 1 1 0 0 1 
0 0 1 0 1 1 0 1 1 1 1 1 0 0 0 0 0 1 0 1 1 0 0 1 1 1 0 0 1 0 0 1 0 0 0 0 0 1 0 1 0 0 1 1 1 1 1 1 1 
0 1 1 0 0 0 0 0 1 1 1 1 1 0 1 1 0 0 0 1 1 0 1 0 1 1 1 0 1 1 1 1 1 0 0 1 1 0 1 0 1 0 0 1 1 0 0 0 0 
0 0 0 1 1 0 0 0 0 1 0 1 0 1 0 0 1 0 0 0 0 0 1 1 1 1 1 1 1 1 0 1 0 0 1 0 1 1 0 1 1 0 0 0 0 0 1 1 1 
1 0 1 1 1 1 0 1 0 0 0 1 0 1 1 0 0 0 0 1 1 0 1 0 1 1 1 0 0 1 0 0 1 0 0 0 1 1 0 1 0 1 0 1 0 1 0 1 0 
1 0 1 1 0 1 0 0 0 0 1 1 0 0 0 1 0 0 1 1 0 1 0 0 1 0 0 1 1 1 1 0 1 1 0 0 1 1 1 1 0 0 1 1 0 0 0 0 0 
1 0 0 1 1 0 0 0 0 1 0 1 1 1 1 1 0 0 0 0 1 1 1 0 0 1 1 1 1 1 0 1 1 0 1 1 0 0 1 0 1 1 0 0 1 1 1 0 1 
0 0 0 0 1 1 1 1 0 0 0 1 0 0 1 0 0 1 1 1 1 1 1 0 0 1 1 1 0 1 1 1 0 0 1 0 1 1 1 0 1 0 1 0 1 1 1 0 0 
1 0 0 1 1 0 0 0 1 1 0 0 0 0 0 1 1 0 0 1 0 0 0 1 0 0 1 1 1 1 1 1 1 0 1 0 0 1 1 0 0 0 0 0 1 0 0 0 0 
1 1 0 1 0 1 0 1 1 0 0 0 1 1 0 0 1 0 1 1 0 1 1 0 1 0 0 1 1 0 0 1 0 1 1 1 1 1 0 1 0 1 0 0 0 0 1 0 0 
1 0 1 0 0 1 0 0 1 0 1 1 0 1 1 1 0 1 1 0 0 0 1 1 1 1 1 0 0 1 0 1 0 0 1 0 1 0 1 1 0 1 1 0 0 1 1 0 0 
0 1 1 0 0 0 0 0 1 1 1 0 0 0 1 1 1 1 1 0 0 0 0 1 0 0 1 0 0 0 1 0 0 1 0 0 0 1 0 1 0 1 0 0 0 0 1 0 1 
0 0 1 0 0 1 1 1 1 1 0 1 0 0 0 0 1 1 1 0 1 1 1 1 1 0 1 1 0 0 1 0 1 1 0 1 0 1 0 0 0 0 0 0 1 1 0 1 0 
1 0 0 0 1 1 0 1 1 1 1 1 1 0 0 0 0 1 1 1 1 0 0 0 1 0 0 1 0 0 0 1 0 0 0 0 1 1 1 0 1 0 1 0 1 0 0 0 1 
1 0 1 0 1 1 1 0 0 0 0 1 1 1 1 1 0 0 0 1 0 0 0 1 0 1 1 0 0 0 0 0 0 0 1 0 0 1 0 0 1 0 0 1 1 1 1 1 1 
0 0 1 1 1 0 1 0 1 0 1 1 0 1 1 1 1 0 0 1 1 0 1 0 1 0 1 0 0 0 0 1 0 0 0 0 0 1 1 1 1 0 0 1 0 1 1 1 1 
0 0 0 1 1 1 1 1 0 0 1 0 0 1 1 0 0 1 0 0 1 1 0 0 0 1 0 0 1 0 0 0 1 1 1 1 0 0 1 0 1 0 1 0 0 0 1 1 1 
1 0 1 0 0 1 0 1 0 1 0 1 1 1 0 0 1 0 1 0 1 0 1 1 1 1 1 1 0 1 1 1 1 0 0 0 1 1 0 0 0 1 1 1 0 1 1 0 1 
0 0 1 1 0 0 0 1 0 0 0 0 1 1 1 1 1 1 1 0 0 0 1 0 0 1 1 1 1 1 1 0 1 1 1 1 0 1 1 1 0 1 1 0 1 0 0 1 0 
0 1 1 0 0 1 0 1 1 1 1 0 0 1 0 1 1 0 0 0 0 0 1 0 1 1 1 1 1 1 1 0 0 0 0 1 0 0 1 0 1 1 0 1 1 1 1 1 0 
1 0 0 1 0 0 1 1 0 0 1 1 0 0 0 1 1 0 1 1 1 1 0 0 1 1 1 1 1 1 1 1 1 0 0 1 0 0 0 0 1 0 1 0 1 0 0 1 0 
0 1 1 1 0 1 1 1 0 0 1 0 1 1 0 0 0 0 1 1 0 0 1 0 0 1 1 0 1 0 1 1 1 0 1 1 1 0 1 1 0 0 0 1 1 1 1 0 1 
0 0 0 0 1 1 1 1 1 1 1 0 1 0 0 0 0 0 1 1 0 1 1 0 0 0 0 0 0 0 1 1 0 0 1 0 0 0 1 0 1 1 1 1 0 0 0 0 0 
1 0 0 1 0 0 0 1 1 0 1 1 0 1 0 0 1 0 0 1 0 1 1 1 1 0 1 1 1 0 1 1 1 0 0 0 0 1 1 0 0 0 1 0 1 0 1 0 1 
1 0 0 0 0 0 1 1 0 0 1 0 0 1 0 1 0 1 0 0 1 0 1 1 0 1 0 0 0 0 0 1 1 1 1 1 0 1 0 1 1 1 1 0 0 0 1 1 1 
1 0 0 1 1 1 1 0 0 1 1 0 1 1 0 1 0 1 0 0 0 0 0 1 0 0 1 0 0 1 1 0 1 0 1 1 1 1 1 0 0 1 0 1 0 0 1 1 0 
0 0 1 0 1 1 0 0 1 0 0 0 1 1 1 0 0 0 1 1 0 1 1 1 1 0 0 0 0 1 0 0 0 1 0 0 0 1 1 0 1 0 0 1 0 0 1 0 0 
0 0 0 0 1 1 0 1 1 0 0 0 1 0 1 1 0 1 0 0 1 1 1 0 1 0 1 0 1 0 0 1 1 1 0 1 0 0 0 0 1 0 1 1 1 0 0 0 0 
1 1 0 1 0 0 1 1 1 1 1 0 1 0 0 0 0 1 0 1 0 1 1 0 1 1 1 1 0 1 0 1 1 1 0 0 0 1 0 1 0 1 0 1 1 0 0 1 1 
0 0 0 1 1 1 0 0 1 0 1 1 0 0 1 0 1 0 1 0 1 1 1 0 1 1 0 1 0 1 0 0 0 0 1 1 1 0 0 1 1 1 0 1 1 0 0 0 1 
0 0 1 1 1 0 1 0 0 0 0 0 0 0 0 0 0 0 0 1 1 0 0 0 0 1 1 1 0 1 1 1 0 1 1 0 0 0 0 0 1 0 0 1 0 0 1 1 0 
1 0 1 1 1 0 0 1 0 1 1 0 0 1 1 1 1 0 0 1 1 0 0 0 1 0 1 0 1 0 1 0 1 0 0 0 0 1 1 1 0 0 0 1 0 1 1 0 1 
1 1 1 0 0 0 0 0 1 1 0 0 0 1 0 0 0 0 1 1 1 0 0 1 0 0 1 1 1 0 0 1 0 0 0 1 0 0 0 0 0 0 0 0 0 0 0 0 0 
1 1 0 0 1 1 1 1 0 1 1 0 1 0 1 1 0 0 0 1 0 0 1 1 1 1 1 1 0 1 1 0 1 1 0 0 1 0 0 1 0 1 1 0 0 1 1 1 0 
0 0 0 1 1 0 1 0 0 0 1 0 1 0 1 1 0 1 1 1 0 1 0 0 0 0 1 1 0 0 1 1 1 0 0 0 0 0 0 0 1 0 0 1 1 0 1 1 0 
1 0 0 0 0 0 0 0 1 0 0 1 1 1 1 0 0 1 0 1 0 0 0 0 0 0 1 0 1 0 1 1 0 0 1 0 1 0 1 0 1 0 0 0 0 1 0 0 1 
0 0 1 1 0 0 1 1 0 0 1 0 1 0 1 0 0 0 1 1 0 0 1 1 0 1 1 0 1 1 0 0 0 0 0 0 0 0 0 0 1 0 1 1 1 0 0 1 1 
1 1 0 0 0 1 1 0 1 0 1 0 0 1 0 1 1 1 1 0 1 0 0 1 0 0 1 1 0 1 1 1 0 0 0 0 0 0 1 0 1 0 1 0 1 1 1 0 1 
1 1 0 0 1 0 1 1 0 1 1 0 1 1 1 1 0 1 0 1 1 0 1 0 1 0 1 1 0 1 0 1 1 1 0 0 0 0 0 1 0 1 1 1 1 1 0 1 1 
0 0 0 1 0 0 0 1 0 0 0 0 0 0 1 1 1 0 1 0 1 1 1 1 0 1 0 1 1 1 1 1 1 0 1 0 1 1 0 1 0 0 0 0 1 0 1 1 1 
1 1 0 1 1 0 0 0 1 1 0 0 0 1 1 1 1 0 1 1 1 1 1 0 0 0 1 0 1 0 1 0 0 0 1 1 0 1 1 1 1 1 0 1 0 1 0 0 0 
1 0 1 0 0 0 1 0 0 1 0 1 0 0 0 0 1 0 1 0 0 1 0 1 0 0 0 1 0 1 0 0 1 1 1 1 0 1 1 0 0 0 1 0 1 0 1 0 1 
0 1 0 1 0 1 1 1 0 1 1 0 0 1 1 1 1 0 1 1 1 1 1 0 1 1 0 0 0 0 1 0 1 0 0 0 0 1 1 0 1 1 0 0 0 0 0 1 0 
0 1 1 1 1 1 1 1 1 1 1 0 0 0 1 1 1 0 1 1 1 0 0 1 1 1 1 1 1 1 0 0 1 1 1 1 1 1 0 1 1 1 0 0 1 0 1 0 1 
0 1 0 1 0 0 1 1 1 1 1 1 0 1 0 1 1 1 0 1 0 1 0 0 0 1 0 1 1 0 0 0 1 0 1 1 0 0 1 1 1 1 0 0 0 0 0 1 1 
1 1 0 0 1 1 1 1 1 0 1 0 0 0 1 0 0 1 1 1 0 1 0 1 0 0 1 1 0 1 0 1 1 0 0 0 0 1 1 0 1 1 1 0 1 1 0 0 0 
1 1 1 1 1 1 0 1 1 1 0 0 0 1 1 1 1 0 0 1 0 1 0 1 1 0 1 0 1 1 1 0 0 1 1 0 0 1 0 1 0 0 0 1 1 0 0 1 0 
42
0 0 1 1 0 1 0 1 0 1 1 1 0 1 0 0 1 1 0 0 1 0 1 0 1 0 0 1 0 0 0 1 0 1 1 1 1 1 1 0 0 1 
1 0 0 0 0 1 1 1 0 1 1 1 0 1 1 1 0 0 0 0 0 1 0 0 1 0 0 0 1 0 0 0 1 1 0 0 1 0 1 1 1 1 
1 0 0 0 1 0 1 0 0 1 0 1 1 1 1 1 1 0 0 0 1 0 1 0 0 1 0 1 1 0 1 0 1 1 0 0 1 1 1 1 1 0 
1 0 0 0 1 1 1 0 1 0 1 0 1 0 0 0 1 1 0 0 1 0 0 1 1 0 1 1 0 1 0 1 1 0 0 1 1 0 0 0 1 0 
1 1 1 0 0 0 1 0 1 0 1 1 0 0 0 1 1 0 1 0 0 1 1 1 0 1 0 0 1 1 1 1 1 0 0 0 0 1 0 1 0 0 
1 0 1 0 0 0 1 1 1 1 0 0 0 1 0 0 1 0 1 0 1 0 0 0 0 1 0 1 1 1 1 1 1 0 0 0 0 1 1 0 1 1 
1 0 0 0 1 0 0 1 1 1 0 0 1 1 0 0 0 1 1 1 0 0 1 1 1 1 0 1 1 0 1 1 1 0 1 0 0 0 1 0 0 1 
0 0 0 1 0 1 1 0 1 1 1 1 0 0 1 1 1 1 0 0 1 0 1 1 0 0 1 1 1 0 0 0 1 0 1 1 1 1 0 0 0 1 
0 0 1 0 0 0 1 0 0 0 0 1 0 1 0 0 0 0 1 1 0 0 0 1 0 1 0 0 0 1 0 0 1 0 1 0 0 0 0 0 1 0 
1 0 1 1 0 1 1 1 1 0 0 0 1 1 0 0 0 0 1 1 0 1 1 0 0 0 1 0 0 0 0 0 0 1 0 1 1 0 0 0 0 1 
0 1 1 1 0 0 1 1 1 1 0 1 1 1 1 1 0 0 1 1 0 1 0 0 1 0 0 1 1 1 1 0 0 0 0 1 1 1 1 1 0 0 
0 0 0 1 1 1 1 0 0 1 1 0 0 1 1 1 0 0 1 0 0 0 0 1 1 1 1 1 0 1 1 1 0 0 1 0 0 1 1 1 0 0 
1 1 1 1 0 0 0 0 1 0 1 0 0 0 0 1 1 0 0 0 1 1 1 0 0 0 0 0 1 0 0 0 0 1 1 0 0 1 1 1 1 1 
1 1 0 1 1 0 1 1 0 1 1 1 0 0 0 1 1 1 1 1 1 0 0 0 0 1 0 1 1 1 1 1 0 0 1 1 0 0 0 0 0 0 
0 1 0 0 0 0 0 1 0 1 0 1 1 1 0 1 1 0 0 1 1 1 1 1 0 1 0 1 1 1 1 0 0 0 0 1 0 1 0 0 1 1 
0 1 1 1 1 0 1 1 0 1 1 1 1 1 1 0 1 1 1 1 0 1 0 1 0 1 1 0 1 1 0 1 0 1 1 0 0 1 0 1 0 1 
0 0 1 1 0 0 1 0 1 1 0 1 0 1 0 0 0 1 1 0 1 1 1 0 1 1 1 0 1 1 0 0 0 1 1 0 0 1 1 0 0 1 
1 1 0 0 1 1 1 1 1 1 0 1 1 1 1 1 0 0 0 0 0 0 0 0 0 0 0 1 0 0 1 1 0 0 1 1 0 1 1 1 1 1 
1 1 0 1 1 1 0 0 1 1 0 0 1 0 1 0 1 0 0 0 0 1 0 0 0 0 0 0 0 0 0 0 1 0 0 1 1 1 1 1 0 1 
1 0 1 0 1 1 1 0 0 0 1 1 0 0 1 1 0 0 0 0 1 1 1 1 0 1 1 1 1 0 0 0 0 1 0 1 1 1 1 1 0 1 
0 0 0 0 1 1 0 0 0 1 0 1 0 0 1 0 1 0 0 0 0 0 0 0 1 0 0 0 1 0 0 1 1 1 1 1 1 1 0 1 1 0 
1 1 1 0 1 1 0 1 0 0 0 0 1 0 0 1 1 1 1 0 1 0 1 1 1 1 1 1 1 0 0 0 0 0 1 0 1 0 1 1 1 0 
1 1 0 0 0 1 0 1 1 0 0 0 0 0 1 0 1 1 1 0 1 1 0 0 1 0 1 0 0 0 0 1 1 0 0 1 1 0 1 0 0 0 
0 1 0 0 1 0 0 1 1 0 0 1 1 0 0 0 1 0 1 0 1 1 1 0 1 0 0 1 1 1 1 1 0 0 1 0 0 1 0 1 1 1 
1 1 1 0 0 0 0 0 1 0 1 1 1 0 0 0 1 0 0 0 0 0 0 1 0 1 0 1 0 0 1 1 0 0 0 0 1 1 1 0 1 0 
1 0 1 1 1 0 1 0 0 1 1 0 1 1 0 1 0 1 0 1 1 0 1 0 1 0 0 0 0 0 1 1 0 1 1 0 1 1 1 1 0 1 
0 1 1 0 1 0 0 0 0 0 1 0 1 1 0 0 1 0 0 1 1 1 0 1 0 1 0 1 0 1 1 0 1 1 1 1 1 0 1 1 0 0 
0 0 0 0 1 0 0 0 0 1 0 0 0 0 1 0 1 0 1 1 0 1 0 1 1 1 0 0 1 0 0 0 0 1 1 0 1 1 1 0 1 1 
1 0 1 1 0 0 1 1 1 0 0 1 0 1 1 0 0 1 0 0 1 0 1 0 0 0 0 1 0 0 0 0 0 1 1 0 1 1 0 0 1 1 
1 0 1 1 0 0 1 1 0 1 0 1 1 1 0 1 0 0 0 1 1 0 1 0 0 1 1 0 0 0 1 0 0 0 1 1 0 0 1 1 0 1 
0 1 0 1 0 0 0 0 0 0 1 1 1 1 0 1 1 0 1 0 0 1 0 1 1 0 0 0 0 1 0 1 1 0 0 0 0 0 0 0 0 1 
0 0 0 0 0 0 1 1 0 1 1 0 1 0 0 0 0 0 0 1 0 0 0 0 0 1 0 0 1 1 0 0 0 1 1 0 1 1 1 0 1 0 
1 0 1 1 1 0 0 0 0 0 0 1 1 0 0 0 0 1 0 1 0 1 0 0 1 1 0 0 1 0 1 1 0 1 0 1 0 0 1 1 0 1 
0 1 0 0 1 0 1 0 1 0 1 0 1 0 0 0 1 0 0 1 1 1 0 0 0 1 1 1 0 1 0 0 0 0 1 0 1 1 0 1 1 0 
1 1 0 1 1 1 1 0 1 0 0 1 1 0 1 0 1 1 0 0 0 1 1 1 1 1 0 1 1 1 1 0 0 0 0 0 0 0 0 0 1 1 
0 0 1 0 0 0 1 1 1 1 1 0 0 0 1 0 0 1 0 0 0 0 0 1 1 0 0 1 1 0 0 1 1 0 1 0 1 1 0 1 0 1 
0 1 0 0 0 1 0 1 1 0 1 1 0 0 0 0 0 1 0 0 0 0 1 1 1 0 0 1 1 1 0 0 1 0 1 0 0 1 1 1 1 1 
0 0 1 1 0 1 0 0 0 1 0 0 0 1 1 1 0 1 1 0 1 0 1 1 0 1 0 1 0 0 1 0 0 1 1 1 0 0 0 1 0 0 
1 0 1 0 0 1 0 0 0 0 0 0 0 1 1 0 0 0 0 0 0 1 0 0 0 0 0 0 1 0 1 1 1 1 0 0 1 0 0 1 0 0 
1 1 1 0 1 0 1 1 0 1 0 0 0 1 0 0 0 0 0 0 1 0 0 1 0 1 0 0 1 1 0 0 1 0 0 1 1 0 1 0 0 1 
0 0 0 0 0 0 0 0 1 0 1 1 0 1 1 1 1 0 1 1 1 0 0 1 1 0 1 0 0 1 1 1 0 1 0 1 0 0 0 0 0 1 
1 0 1 1 0 1 0 1 1 0 1 0 1 0 0 1 1 1 0 1 1 1 0 0 1 0 0 0 1 0 0 0 1 1 0 1 1 0 0 1 1 0 
43
0 1 0 1 0 0 1 0 1 0 1 1 0 0 1 1 0 1 1 1 1 1 1 1 1 1 1 0 1 1 0 0 0 0 1 1 1 0 0 1 1 0 0 
1 0 0 0 1 1 0 0 1 1 1 0 1 1 1 0 0 1 1 0 1 0 1 0 0 0 1 0 0 1 0 1 1 1 0 0 0 0 0 1 0 0 0 
1 1 0 0 1 0 1 0 1 0 0 1 1 0 0 0 0 1 1 1 0 0 1 0 0 1 0 1 1 1 1 0 1 0 1 0 1 1 1 1 0 0 1 
1 1 0 0 1 1 1 1 1 0 1 0 0 0 1 1 1 1 0 0 1 1 0 0 1 0 0 0 0 1 1 1 1 0 0 1 0 1 1 1 0 1 0 
0 1 0 1 0 1 1 1 1 1 0 1 0 1 0 0 0 1 0 0 1 1 1 0 0 0 0 0 0 0 0 0 1 0 1 1 0 0 1 1 0 0 0 
0 1 0 1 1 0 1 1 0 1 1 1 1 1 0 1 1 1 0 0 0 0 0 1 1 1 1 1 0 0 0 0 0 1 1 1 1 1 0 1 1 1 1 
1 0 0 0 1 0 0 1 0 0 1 1 0 1 1 0 0 1 1 0 1 0 0 0 1 0 0 1 1 1 1 1 1 1 1 1 0 0 1 0 0 0 0 
1 1 0 1 0 1 1 0 0 1 1 1 0 0 1 0 0 1 0 1 1 0 1 0 1 0 1 1 1 1 0 1 1 1 0 1 0 1 1 0 0 1 1 
0 0 1 1 0 1 1 0 0 0 0 0 0 1 0 1 1 0 1 0 0 1 0 0 1 1 1 0 0 0 1 0 1 0 1 0 0 0 1 1 1 0 0 
0 1 1 0 0 0 0 1 1 0 1 1 0 1 0 1 1 1 0 0 0 0 1 0 0 1 0 0 0 1 0 0 1 1 0 1 0 1 0 0 0 0 1 
0 0 1 0 0 0 1 0 1 0 0 1 0 0 1 1 1 1 0 1 1 1 0 1 1 1 1 0 0 1 1 1 0 1 1 0 1 0 1 0 1 0 1 
1 0 1 1 0 0 1 1 1 0 0 0 0 1 0 1 0 0 1 0 0 1 0 1 1 0 0 1 1 1 1 0 0 1 0 0 1 1 1 1 1 0 0 
0 0 1 0 0 1 1 1 1 1 0 1 0 0 1 0 1 1 0 0 0 0 1 1 0 0 1 0 1 0 1 0 1 0 1 1 0 0 1 0 0 1 0 
1 0 1 0 0 0 1 0 1 0 1 1 0 0 0 0 0 0 1 1 0 1 1 1 1 0 1 0 1 1 0 0 0 1 0 0 0 1 0 1 0 1 1 
1 1 1 1 1 0 1 0 1 1 1 1 0 0 0 0 0 1 1 1 0 0 1 0 0 1 0 0 1 1 1 0 1 1 1 0 1 0 0 1 0 0 0 
0 0 1 1 0 0 0 1 1 1 0 1 0 0 1 0 0 0 1 1 1 1 0 1 0 1 1 1 1 0 0 1 1 0 1 1 1 0 0 0 0 1 1 
1 0 1 0 1 0 0 1 0 1 0 0 0 1 1 1 0 1 1 0 1 0 1 1 0 1 0 1 1 1 1 0 0 0 1 1 1 1 1 0 1 0 0 
0 1 0 0 1 1 0 1 1 1 0 1 0 1 0 1 1 0 0 0 1 0 0 0 0 1 1 1 1 1 1 0 0 1 1 1 0 1 0 0 0 1 0 
1 1 1 0 1 1 0 1 1 0 1 1 1 1 0 0 0 0 0 1 0 0 0 1 1 1 1 0 0 0 0 1 1 0 0 1 1 1 0 0 0 0 0 
0 0 1 0 0 1 1 0 0 1 1 1 1 0 1 0 0 1 1 0 1 1 0 0 1 1 1 1 1 1 1 0 1 1 0 1 0 0 1 0 0 0 0 
0 1 0 0 1 0 1 0 1 0 1 1 1 0 1 0 1 1 0 1 0 0 1 0 1 1 0 0 0 0 1 1 1 0 1 0 1 1 1 1 1 0 0 
1 1 0 0 1 0 0 0 0 1 1 0 1 1 0 1 0 1 1 0 1 0 0 0 0 0 0 1 0 0 0 1 0 1 1 1 0 1 1 1 1 1 1 
0 0 0 1 1 1 0 1 1 1 0 1 1 0 0 1 0 0 0 0 0 1 0 1 0 1 0 1 0 1 1 0 1 1 1 0 1 1 0 0 1 0 0 
0 0 0 0 1 0 0 1 1 1 0 1 1 0 0 1 0 0 1 0 1 1 0 0 1 1 1 1 1 1 1 1 0 1 1 1 0 1 0 1 1 0 0 
1 0 1 1 1 0 0 1 0 0 0 0 0 1 0 0 1 1 1 0 0 0 0 1 0 1 1 1 1 1 0 1 1 1 1 0 1 1 1 0 1 1 0 
1 1 1 0 1 0 0 1 1 0 0 0 1 1 1 0 0 1 1 0 0 0 1 1 0 0 0 1 1 0 0 1 1 0 1 0 1 1 0 0 1 0 1 
1 1 0 0 0 1 0 1 1 1 1 0 0 0 1 1 0 0 1 0 1 0 1 1 0 0 0 0 0 1 1 0 0 0 0 1 0 1 1 0 1 0 1 
0 1 0 1 1 0 1 1 1 0 1 1 1 0 0 1 0 0 0 1 1 1 0 1 0 1 1 0 0 0 0 0 0 1 0 1 1 0 1 1 1 1 1 
0 1 0 1 1 1 1 1 0 1 1 0 0 1 1 0 1 1 1 0 0 0 0 1 0 0 0 0 0 0 0 1 1 1 1 1 1 1 1 0 1 1 1 
0 0 1 1 0 0 0 1 1 1 1 1 0 0 1 1 1 0 1 1 0 0 1 1 1 1 1 0 1 0 0 1 0 0 1 0 1 0 0 1 0 0 0 
0 1 0 0 1 1 0 1 1 0 0 1 1 0 0 1 1 0 1 1 1 1 1 1 0 0 1 0 0 1 0 0 1 0 0 0 1 1 0 0 1 1 0 
0 0 0 0 0 1 1 1 1 0 0 1 0 1 1 0 1 0 0 1 1 0 0 1 1 1 0 1 1 1 0 0 0 0 1 1 0 0 1 0 1 1 1 
0 0 1 1 0 0 0 0 0 0 1 0 1 1 1 0 1 0 0 0 1 0 0 1 0 0 1 0 1 0 1 1 0 0 1 0 0 1 1 0 0 1 1 
0 1 1 1 0 1 0 0 1 0 1 1 0 0 0 1 1 1 1 0 1 1 0 0 1 0 0 1 1 1 0 1 1 0 1 1 1 0 1 0 0 0 1 
0 0 0 1 1 0 1 0 1 1 1 1 0 0 0 1 1 1 1 0 1 0 0 1 0 1 0 0 1 0 1 0 1 1 0 1 0 1 1 1 1 1 1 
0 1 0 0 1 0 0 1 0 0 1 1 1 0 1 0 0 0 0 1 1 1 1 1 0 1 1 1 1 0 1 0 1 1 0 0 0 0 1 0 0 0 0 
0 0 0 0 1 1 1 0 1 1 0 0 1 1 1 1 0 1 1 0 0 1 0 1 1 1 0 0 0 1 0 0 1 0 1 1 0 1 0 1 0 1 1 
1 1 1 1 1 0 0 0 1 0 0 1 0 1 1 1 1 0 1 1 0 0 0 0 0 1 0 0 1 0 1 0 0 1 1 1 0 0 1 1 0 1 1 
0 1 1 1 1 1 0 0 1 0 0 0 0 0 1 0 0 0 1 1 0 1 0 1 1 0 0 0 0 1 1 0 1 1 1 1 0 0 0 0 0 1 0 
0 1 0 1 0 0 0 0 1 1 1 0 1 1 1 1 1 1 1 0 1 0 0 1 0 1 0 0 1 0 0 1 0 0 1 1 1 1 0 0 1 0 0 
0 1 1 1 0 1 1 1 1 0 0 0 0 0 0 1 1 0 1 0 1 1 0 1 0 1 1 1 1 0 1 1 0 1 1 1 0 1 0 0 0 1 1 
0 1 1 1 1 0 1 1 1 0 1 0 0 0 1 0 0 0 1 1 0 1 0 1 0 0 0 1 1 0 0 0 0 0 0 1 0 1 0 1 0 0 1 
1 1 1 0 1 0 0 0 1 1 0 0 1 0 0 1 1 1 0 1 1 0 1 1 1 0 1 0 1 1 0 0 0 1 1 1 0 0 1 0 0 1 0 
1
0 
30
0 0 0 0 0 0 0 0 0 1 1 0 0 1 0 1 1 0 0 0 1 0 1 0 1 0 1 1 1 0 
1 0 1 1 0 0 0 1 0 1 0 0 1 0 0 1 0 1 1 1 0 0 0 0 0 1 0 0 0 1 
1 1 0 0 1 0 1 0 1 0 0 0 0 0 1 1 0 1 1 1 1 1 0 1 1 0 1 1 1 1 
1 1 1 0 0 0 0 0 0 1 1 1 0 1 1 0 0 1 0 1 0 1 1 0 1 0 1 0 0 1 
0 0 1 1 0 1 0 0 1 1 1 1 0 0 0 0 1 1 0 0 0 0 0 0 1 0 0 0 1 1 
0 0 1 0 1 0 0 0 0 0 0 0 1 1 1 0 1 1 0 1 1 0 0 1 1 0 1 1 1 1 
1 0 0 0 0 1 0 0 1 0 0 1 0 0 1 1 0 0 1 1 1 0 1 1 1 1 1 0 1 0 
1 0 1 0 0 0 0 0 0 1 1 0 1 1 1 0 0 0 0 0 0 1 1 1 0 1 0 1 1 0 
0 1 1 0 0 1 0 1 0 1 1 1 1 1 1 0 0 0 0 0 0 0 1 0 1 0 1 1 0 0 
1 0 0 1 1 0 1 1 0 0 1 1 0 0 1 0 1 1 1 1 1 0 0 0 0 0 0 0 1 1 
1 0 1 0 1 1 1 0 0 1 0 0 1 1 0 1 1 1 0 1 0 0 0 1 1 0 0 0 1 0 
0 1 1 1 1 1 0 0 0 1 1 0 1 1 0 0 0 1 1 1 0 1 0 1 1 0 1 1 0 0 
1 0 0 1 1 1 0 0 1 0 1 1 0 1 0 0 0 0 1 0 1 1 0 0 0 0 0 0 0 0 
0 1 0 1 0 0 1 1 1 0 1 1 1 0 0 0 0 1 1 1 1 1 1 0 0 1 1 0 0 1 
1 0 0 1 1 1 1 1 0 1 0 1 1 1 0 1 1 0 0 0 0 1 1 1 1 1 0 1 1 0 
1 1 1 0 0 1 1 1 0 0 0 0 1 0 1 0 0 0 1 0 1 0 1 1 0 1 1 0 0 1 
1 0 0 1 1 0 0 1 0 0 0 1 1 0 1 1 0 0 1 0 0 0 0 1 0 1 0 0 1 1 
0 1 0 1 0 1 1 1 0 1 1 1 1 0 0 1 1 0 1 0 0 0 1 0 1 0 1 0 0 1 
1 1 0 1 0 1 1 0 0 1 1 1 1 0 1 1 1 1 0 1 0 0 1 0 1 0 0 1 0 1 
0 1 0 1 1 0 1 1 0 0 1 1 1 0 0 0 0 1 0 0 0 1 0 0 0 0 0 1 1 0 
1 0 1 1 1 1 1 0 0 0 0 0 0 0 0 1 0 0 0 0 0 0 1 0 0 0 0 1 1 1 
0 0 1 1 1 1 0 1 0 0 1 1 0 1 1 1 0 1 0 0 1 0 1 1 1 1 1 0 0 0 
1 1 1 0 1 1 1 0 1 0 1 1 0 0 1 1 0 0 0 1 0 0 0 1 0 1 1 1 0 0 
0 1 0 0 0 0 0 0 0 0 1 0 0 0 0 0 1 1 1 1 1 0 1 0 1 1 0 0 0 0 
1 0 1 1 0 1 0 0 0 1 1 1 0 0 1 0 1 0 0 0 1 0 1 0 0 1 1 0 1 0 
1 0 0 1 0 0 1 0 0 0 1 0 0 1 0 0 0 0 0 1 0 0 0 0 1 0 0 0 1 0 
0 0 1 0 0 0 0 1 1 0 0 1 0 0 0 1 0 0 1 0 0 1 1 1 0 1 0 0 1 0 
1 1 1 1 1 0 1 0 0 1 0 0 0 1 1 1 0 0 1 1 1 0 1 1 0 1 1 0 0 1 
0 1 1 0 1 0 0 1 1 1 0 0 1 0 1 1 0 1 0 1 0 1 1 1 0 0 1 1 0 0 
0 0 1 1 1 1 1 0 1 0 1 0 1 0 0 1 1 0 1 1 1 1 1 1 1 0 1 1 1 0 
38
0 0 1 1 0 0 1 0 0 1 0 1 1 0 1 0 0 0 1 0 0 1 0 0 0 1 0 0 1 0 0 0 0 1 1 1 0 0 
0 0 0 0 1 1 1 1 0 0 0 1 1 1 1 0 0 1 0 1 1 0 1 0 1 0 1 1 0 0 1 1 1 1 1 1 1 0 
1 0 0 1 1 0 0 1 0 1 1 0 0 1 0 1 1 1 0 1 0 0 1 0 1 0 0 0 1 1 1 0 0 0 0 0 0 1 
0 0 0 0 0 1 0 0 0 1 0 0 1 1 0 1 1 1 0 1 0 1 1 1 1 1 1 0 0 1 1 1 1 1 1 0 0 1 
1 0 1 1 0 1 1 1 0 1 1 1 1 1 0 1 0 1 1 1 0 0 1 0 0 0 1 0 1 0 1 1 0 1 0 1 1 1 
0 1 1 1 0 0 1 1 1 1 0 1 0 1 0 1 0 1 0 1 0 0 0 0 1 1 1 0 1 0 0 1 1 1 0 0 0 0 
1 0 0 1 0 1 0 1 0 1 0 0 1 0 1 1 0 1 1 1 1 1 1 1 1 0 1 0 1 0 0 0 1 1 0 1 0 1 
1 1 1 1 1 1 1 0 0 0 0 1 1 1 1 0 0 0 0 0 1 0 1 1 1 0 0 1 1 0 0 1 0 1 0 0 1 0 
0 0 0 0 0 0 0 0 0 1 0 0 1 0 0 1 0 0 1 1 1 0 0 1 0 0 0 1 1 1 1 1 1 0 1 0 0 1 
1 0 0 0 1 0 0 0 0 0 1 1 0 0 1 1 1 0 0 0 0 0 0 1 0 1 0 1 0 0 0 0 1 1 1 1 0 0 
0 1 1 0 1 1 0 1 1 0 0 0 1 0 1 1 0 1 0 0 0 1 0 1 0 0 1 1 1 0 0 0 0 0 1 1 0 0 
1 1 0 1 0 0 0 1 1 0 0 0 0 0 1 0 0 0 0 1 1 1 1 0 1 0 0 0 0 1 0 1 1 0 0 0 0 1 
0 0 1 0 1 1 1 1 0 1 0 1 0 1 0 1 0 0 0 0 1 1 1 0 1 1 0 0 0 0 1 0 0 1 0 0 1 1 
0 0 0 0 0 1 0 1 0 0 1 1 1 0 1 1 0 1 1 1 0 1 1 1 0 0 1 0 0 0 0 1 0 1 1 0 0 0 
1 1 1 1 0 0 1 0 0 0 0 0 1 1 0 0 1 0 1 0 0 1 0 0 0 1 0 1 0 1 1 1 1 1 0 0 0 1 
1 1 0 1 0 0 1 1 0 0 1 1 1 1 1 0 0 1 1 1 1 0 0 1 0 1 1 1 1 0 1 0 1 1 0 0 0 0 
0 1 0 1 1 1 1 1 1 0 1 1 0 0 0 1 0 0 0 1 1 1 0 0 0 1 1 0 0 1 0 0 1 1 0 0 0 0 
1 0 1 0 0 1 0 0 1 1 1 0 1 1 1 1 1 0 0 0 1 0 1 0 1 1 1 1 1 1 1 1 0 0 1 0 1 1 
0 0 0 1 0 1 0 0 1 1 0 0 0 0 1 0 0 0 0 0 0 1 0 0 1 1 0 0 1 0 0 1 1 1 0 1 1 0 
0 1 1 0 1 0 1 0 1 0 1 1 0 1 1 0 1 1 0 0 0 0 1 1 0 0 0 1 0 1 0 0 0 0 1 0 0 0 
0 1 0 1 1 1 0 1 0 0 0 0 1 1 1 1 1 1 1 1 0 0 0 1 1 0 0 0 1 1 0 0 1 1 1 0 0 1 
1 1 1 1 0 1 1 0 1 0 1 1 1 0 0 0 1 0 0 1 1 0 0 1 1 0 1 0 1 1 0 1 1 0 0 0 1 0 
1 1 0 0 0 1 0 1 1 1 0 1 1 1 0 0 1 1 0 1 1 1 0 1 1 1 0 0 1 1 1 1 1 0 0 0 0 1 
0 1 0 1 0 1 0 0 0 1 0 0 0 1 1 1 0 1 0 0 1 1 1 0 0 0 1 1 1 0 0 0 0 0 1 1 0 1 
1 0 1 1 0 0 1 0 1 1 1 0 0 0 1 1 1 0 1 1 1 0 0 0 0 1 1 1 1 1 1 1 0 0 0 1 0 0 
0 1 1 1 1 1 1 0 1 1 0 1 0 1 1 0 0 0 1 1 0 0 1 0 0 0 0 1 0 1 0 0 0 1 0 1 1 0 
1 1 0 1 0 0 1 0 0 1 0 0 0 1 0 0 0 0 1 0 1 0 1 1 0 0 0 0 1 0 1 0 1 0 1 1 1 0 
0 0 1 0 0 0 1 0 0 1 1 1 0 0 1 0 1 0 1 1 0 0 1 1 1 0 0 0 0 0 0 0 1 1 1 1 1 1 
1 0 0 0 1 1 0 1 0 1 1 0 0 0 1 0 1 0 1 1 0 0 0 0 0 0 1 1 0 1 1 1 1 0 0 1 0 0 
1 1 1 1 0 0 0 0 0 0 0 1 0 0 0 0 1 1 1 1 0 1 0 1 0 0 1 0 1 0 0 0 0 0 1 0 1 1 
1 0 0 0 0 1 1 0 1 0 1 0 1 0 0 1 1 0 0 0 0 0 0 1 1 0 0 0 0 0 0 1 1 1 1 1 1 0 
0 1 0 0 0 0 0 0 1 1 1 0 0 1 1 0 1 1 0 1 1 0 0 0 0 0 1 0 1 0 1 0 1 0 1 1 0 1 
0 1 0 0 1 1 1 0 0 0 0 0 1 0 0 1 1 1 0 1 0 1 0 0 0 1 1 0 1 0 0 0 0 0 0 1 1 0 
1 0 0 0 1 0 1 1 0 0 1 0 1 1 1 0 0 1 1 0 1 1 1 1 1 0 1 0 0 0 1 1 0 0 1 1 0 0 
0 0 0 1 1 1 0 1 1 0 0 0 1 0 0 0 1 0 0 1 0 0 1 1 0 1 1 1 0 1 1 1 0 0 0 1 1 1 
1 0 0 1 1 1 0 0 1 1 1 1 0 1 1 1 1 0 1 1 1 0 0 1 1 0 1 0 0 1 1 0 0 1 0 0 1 0 
1 1 0 1 1 0 1 0 0 1 0 0 0 1 0 1 1 0 0 0 0 0 0 0 1 0 0 0 0 1 0 1 1 1 1 1 0 1 
0 0 0 0 0 1 1 0 1 1 1 0 1 1 1 0 1 0 0 0 0 0 0 1 0 0 0 0 1 0 1 1 1 0 0 1 1 0 
7
0 0 1 1 0 0 0 
0 0 1 0 1 1 0 
0 1 0 0 0 0 1 
0 0 0 0 1 1 1 
1 0 0 0 0 1 1 
0 0 0 0 1 0 1 
0 1 0 0 0 1 0 
31
0 1 1 1 0 1 0 1 0 1 0 1 0 1 1 1 0 1 1 1 1 0 0 0 0 0 1 0 1 0 0 
1 0 1 1 1 0 1 0 1 0 1 1 0 0 1 1 1 1 1 1 0 0 1 1 0 0 0 1 0 0 0 
1 0 0 1 1 1 0 1 0 1 1 1 1 1 0 1 0 1 0 1 0 1 1 0 1 1 0 0 0 1 0 
0 0 1 0 0 1 1 0 1 1 1 0 0 1 0 1 0 1 0 1 1 1 0 0 0 0 0 0 1 1 1 
0 1 1 1 0 0 1 0 1 1 1 1 1 0 1 1 1 0 1 1 0 0 0 0 1 1 0 0 1 0 1 
0 0 1 1 1 0 0 0 1 1 1 1 0 0 1 0 0 1 1 0 0 0 0 1 1 1 0 1 1 0 0 
1 0 0 1 1 1 0 1 0 0 1 0 1 0 0 0 1 0 1 0 0 1 1 1 1 0 1 1 0 0 1 
1 1 0 1 0 0 0 0 1 1 1 0 1 0 1 1 1 0 1 1 1 0 1 1 0 1 1 0 0 1 1 
1 1 1 1 1 0 1 1 0 0 1 0 0 1 1 1 1 0 1 0 0 1 0 0 1 0 1 1 1 1 0 
0 0 0 1 0 1 1 1 0 0 0 1 1 0 1 0 0 0 0 0 0 1 1 0 1 0 0 0 1 0 0 
1 0 1 0 1 1 0 1 1 1 0 1 1 1 0 0 1 1 0 1 1 1 0 1 1 0 0 1 1 1 0 
0 0 0 0 1 1 0 0 0 0 1 0 0 1 1 1 1 1 1 0 1 1 1 0 1 1 1 1 1 0 0 
0 0 0 0 0 0 1 1 1 0 0 1 0 1 1 1 1 1 0 1 1 0 1 1 0 0 1 0 1 1 1 
1 0 1 0 1 1 1 1 1 1 0 1 1 0 0 0 0 0 0 1 1 1 0 0 1 0 0 1 0 1 1 
0 0 1 0 0 1 0 1 0 1 0 0 1 0 0 1 0 0 1 1 0 1 0 1 1 0 0 1 0 0 0 
1 0 1 1 0 0 1 1 0 0 1 1 1 1 0 0 1 1 0 0 1 1 1 1 0 0 0 1 0 0 1 
1 1 0 1 0 0 1 1 0 0 0 0 1 1 1 0 0 0 1 0 0 0 0 1 0 1 1 0 1 1 1 
0 1 1 0 1 0 0 1 0 0 1 0 1 1 1 1 1 0 1 1 0 1 0 1 0 0 0 1 1 0 1 
0 1 1 1 0 0 0 0 0 1 0 1 0 1 0 1 1 0 0 0 0 0 0 1 1 1 0 1 0 1 1 
1 1 0 1 0 0 1 0 0 0 0 0 0 1 1 1 0 0 1 0 0 1 1 0 0 0 0 0 0 0 1 
1 0 0 0 1 0 1 0 1 0 1 0 0 0 1 1 0 0 1 0 0 1 0 0 0 1 0 1 0 0 0 
0 1 0 0 0 1 1 1 1 0 1 0 0 1 1 0 0 1 0 0 0 0 1 1 0 0 1 1 1 0 1 
0 1 0 0 0 1 1 0 0 1 1 1 0 1 0 0 0 0 1 0 1 1 0 0 1 0 0 1 0 1 1 
0 0 0 0 1 1 0 0 0 1 0 1 1 1 0 1 1 1 1 0 1 0 1 0 1 0 0 1 1 0 1 
1 0 1 0 1 1 0 1 1 1 1 1 0 0 0 1 0 0 0 1 1 1 1 0 0 0 1 1 0 0 1 
1 1 0 1 0 1 0 0 0 0 0 0 1 1 0 1 0 0 1 1 1 1 0 0 0 0 1 0 0 1 0 
0 0 0 1 0 0 0 0 1 0 0 1 0 1 0 1 0 1 0 0 1 0 1 1 0 1 0 0 1 1 0 
1 1 1 1 1 0 0 1 0 1 1 1 0 1 1 1 1 0 0 0 0 1 1 0 0 1 1 0 0 1 1 
1 1 1 0 1 0 1 0 0 1 1 1 1 1 1 0 0 1 1 1 0 0 1 0 1 1 1 0 0 1 1 
1 1 1 0 0 1 0 1 0 1 0 1 1 1 0 0 1 0 0 1 0 0 0 0 0 0 1 1 1 0 1 
0 0 0 0 1 1 0 0 1 1 0 0 0 0 1 1 1 1 0 0 1 1 1 0 0 0 0 0 0 1 0 
23
0 1 0 0 1 1 1 0 0 0 0 0 1 0 0 0 0 1 0 0 1 1 0 
1 0 0 0 1 0 0 1 0 1 0 0 0 0 0 0 1 1 1 0 0 1 0 
0 1 0 1 1 0 0 1 1 0 1 0 0 0 1 1 0 1 0 0 0 0 0 
0 0 0 0 1 1 0 0 1 0 1 0 1 1 1 0 1 0 0 0 0 0 1 
0 0 1 1 0 0 0 0 0 1 1 0 1 0 1 1 0 1 0 1 0 1 1 
0 1 1 1 1 0 0 1 1 1 0 1 0 1 1 1 1 1 1 1 0 1 1 
0 1 1 1 0 1 0 1 1 0 0 0 0 1 0 1 0 1 1 0 0 0 1 
1 1 1 1 0 0 0 0 1 1 1 0 1 1 0 1 0 0 1 1 0 1 1 
1 0 1 0 1 0 0 0 0 0 1 1 1 0 0 1 1 0 0 0 0 0 0 
1 0 1 0 0 0 1 1 1 0 1 0 1 0 1 0 1 1 1 0 0 0 0 
1 0 0 0 1 0 1 0 1 0 0 0 0 1 0 0 1 0 1 0 0 0 1 
0 0 0 1 1 1 0 0 0 1 1 0 1 1 1 1 0 1 1 1 0 1 0 
1 0 1 0 0 0 0 1 1 0 1 0 0 0 0 1 1 0 1 1 0 0 0 
1 0 0 0 1 0 0 1 0 0 0 1 1 0 0 0 1 1 1 1 1 0 0 
1 0 1 1 1 0 0 0 1 1 1 0 0 1 0 1 1 1 1 1 0 1 1 
0 0 0 0 1 1 0 0 1 1 1 1 1 0 0 0 1 1 1 0 1 1 1 
1 1 1 1 1 0 0 0 0 0 0 1 0 1 1 0 0 0 0 0 0 1 1 
1 0 1 1 0 0 0 0 1 0 0 0 1 1 0 1 0 0 1 1 0 1 0 
0 0 0 1 1 0 0 1 0 1 0 0 1 1 0 1 0 1 0 0 1 0 0 
1 0 0 1 1 1 1 1 0 0 1 1 0 1 1 1 1 1 0 0 0 1 1 
1 1 0 1 0 0 0 0 1 1 1 1 0 0 1 1 1 1 0 0 0 0 0 
1 0 0 0 0 0 0 0 0 1 1 1 0 1 1 1 1 0 0 1 1 0 1 
0 1 1 1 0 0 1 0 1 1 0 1 0 1 1 1 1 0 1 1 0 0 0 
48
0 0 0 1 0 0 0 0 1 1 0 0 0 1 0 0 1 1 1 0 1 0 1 1 0 0 1 0 0 1 1 0 0 1 1 0 1 0 1 1 1 1 0 1 0 1 1 1 
1 0 0 1 1 0 1 1 1 0 1 0 0 0 0 0 0 0 0 0 1 0 0 0 0 0 0 1 0 1 1 1 0 1 0 1 0 1 1 1 1 1 0 1 0 1 0 1 
0 0 0 0 1 0 0 1 1 0 1 1 0 1 1 0 1 1 1 0 0 0 1 1 0 0 0 0 1 0 1 0 1 1 0 1 0 0 0 1 1 0 1 1 1 0 0 1 
1 0 0 0 1 0 1 1 1 1 0 1 1 1 0 1 1 1 1 0 1 1 1 1 1 1 0 0 1 0 1 0 1 1 1 0 0 0 1 1 1 0 1 0 0 1 1 0 
0 0 0 0 0 1 0 1 0 0 1 0 1 0 1 1 1 0 0 0 1 1 1 0 1 0 1 1 0 0 0 1 0 0 1 1 0 0 1 0 0 1 0 1 0 1 1 0 
1 1 0 0 0 0 1 1 0 1 0 1 1 1 1 1 1 1 1 0 0 1 1 0 0 0 1 1 0 1 0 0 0 0 1 0 0 0 0 1 0 0 0 1 1 1 1 0 
0 0 0 1 0 0 0 1 1 0 1 1 0 1 0 0 0 1 0 1 1 0 0 0 0 1 1 0 0 0 0 1 0 0 1 1 1 1 1 0 0 1 0 0 1 1 0 1 
0 1 0 0 1 1 1 0 0 0 1 1 0 0 1 1 0 1 1 0 1 1 0 0 0 1 1 1 0 1 0 0 0 1 0 1 0 1 1 0 1 1 1 1 1 1 0 1 
0 0 1 1 0 1 1 0 0 0 1 1 0 0 1 0 1 1 1 0 1 0 0 0 0 1 0 1 0 0 1 1 0 1 1 0 1 1 0 0 1 0 1 1 1 1 0 1 
0 1 0 0 0 0 1 0 0 0 0 0 1 1 1 0 0 0 0 1 1 1 1 1 1 1 1 0 1 1 0 1 1 0 1 1 1 1 1 0 1 1 1 0 1 1 0 0 
1 1 1 1 0 1 0 0 0 0 0 0 0 1 1 0 0 0 1 1 0 1 0 1 1 1 1 0 1 1 1 0 1 0 0 1 1 1 1 1 0 0 1 0 1 1 1 0 
1 0 1 0 1 1 1 1 1 0 0 0 0 1 1 1 1 1 1 0 1 0 0 1 0 0 0 1 0 0 0 1 1 1 0 0 0 0 1 0 0 1 1 0 1 0 0 1 
0 0 1 1 0 1 1 0 0 0 0 0 0 0 0 0 1 0 1 0 1 0 0 1 0 1 1 0 0 1 1 0 0 0 1 0 1 1 1 0 0 1 0 1 0 1 1 0 
0 0 1 1 0 0 0 1 0 1 0 0 1 0 0 1 0 0 0 1 0 0 0 0 1 1 0 1 1 1 0 0 1 0 1 0 0 1 1 0 1 0 0 1 0 1 0 0 
1 1 1 1 1 1 0 0 0 0 0 1 0 0 0 0 0 1 1 0 1 1 1 0 0 0 0 1 0 1 0 0 1 1 0 1 1 1 0 1 0 1 0 0 0 0 0 1 
0 0 0 0 0 0 1 1 0 0 0 1 0 0 0 0 1 1 0 1 1 1 0 1 1 1 1 1 1 0 1 1 1 0 0 0 0 0 0 1 0 1 0 1 1 0 1 0 
0 0 0 0 1 0 0 1 1 1 0 1 1 0 0 1 0 0 0 1 1 1 0 0 1 0 1 1 0 1 0 1 0 1 1 1 0 0 1 1 1 0 1 1 1 1 0 1 
0 0 1 0 1 0 0 0 0 1 0 1 1 1 1 1 0 0 1 1 0 0 0 0 0 1 1 0 1 1 1 1 1 0 0 0 0 0 0 1 1 0 0 1 0 0 1 0 
1 1 1 0 1 0 0 0 1 1 1 0 1 1 0 0 1 0 0 1 0 1 0 1 0 1 1 0 0 0 1 1 1 0 0 0 1 1 0 1 0 0 1 0 0 0 1 0 
1 1 1 1 1 0 1 0 1 0 1 0 0 1 1 0 0 0 1 0 1 0 0 0 1 0 1 1 0 1 0 0 0 1 0 1 1 0 1 1 0 0 0 1 1 0 0 0 
0 0 1 0 0 0 1 1 1 1 0 1 0 1 0 1 1 1 1 0 0 1 1 0 0 0 0 1 0 0 0 1 0 0 0 1 0 0 0 0 1 1 0 1 1 0 1 1 
0 1 1 1 1 1 0 1 0 1 0 1 0 0 1 1 0 0 1 0 1 0 1 0 0 0 0 1 0 1 1 0 1 1 0 0 1 0 1 1 0 1 0 1 0 1 0 0 
0 0 0 0 1 1 0 1 1 1 0 1 0 1 0 0 1 0 1 1 1 1 0 1 1 0 0 0 1 1 1 0 0 1 1 0 1 0 0 1 1 0 0 0 1 1 1 0 
1 1 0 0 0 0 1 0 0 1 0 1 0 0 1 1 1 0 0 0 0 0 1 0 1 1 1 0 1 1 0 0 0 0 1 1 0 0 0 0 0 0 0 1 0 0 0 1 
1 1 1 0 1 0 0 1 1 0 1 1 0 0 1 1 0 0 1 1 0 1 1 1 0 0 0 0 1 1 1 0 1 0 1 1 1 0 0 0 0 0 0 0 1 0 0 1 
0 1 0 0 1 1 0 1 0 1 1 1 1 1 1 0 0 1 0 0 1 0 0 0 0 0 1 0 0 1 0 0 0 1 1 0 0 0 0 0 0 1 1 1 1 1 0 0 
0 1 1 1 1 0 1 1 0 1 0 1 1 1 1 1 1 1 1 0 0 0 0 1 0 1 0 0 1 0 1 1 0 1 0 0 0 0 1 0 0 0 0 0 1 1 0 1 
1 0 0 1 0 1 1 0 0 1 0 0 0 0 0 1 1 0 1 0 1 0 1 0 1 1 1 0 0 1 0 0 1 1 0 0 0 0 1 0 0 1 0 0 1 0 0 0 
0 0 1 1 0 0 1 1 0 0 1 0 1 0 0 1 0 1 1 0 1 0 0 1 1 1 1 0 0 0 0 1 1 1 0 1 0 0 1 1 1 1 0 1 0 0 0 0 
0 1 0 0 0 0 0 0 0 1 1 1 1 1 1 1 0 0 0 0 0 1 0 0 0 1 0 1 0 0 0 0 0 1 1 1 1 0 0 0 1 1 0 1 1 0 1 1 
1 1 0 0 0 1 0 1 0 0 1 1 0 0 0 1 0 0 1 0 0 1 1 0 0 1 1 0 1 1 0 0 0 1 1 1 1 1 0 0 0 0 1 1 0 0 0 1 
1 0 0 0 0 1 1 0 0 0 1 1 1 1 0 0 1 1 0 0 1 1 0 0 1 0 0 0 1 0 0 0 0 0 0 1 0 0 0 1 1 0 1 1 0 0 0 1 
0 1 1 0 0 0 0 1 1 1 0 1 0 0 0 1 1 1 0 1 0 0 1 1 1 0 0 1 0 0 1 0 0 1 1 1 0 0 0 0 1 0 1 1 0 0 0 1 
0 1 1 0 1 1 1 0 1 1 1 1 1 0 0 0 0 1 1 1 0 1 0 0 0 1 0 1 1 1 0 1 0 0 1 1 0 0 0 0 0 0 0 0 0 0 0 0 
0 1 0 1 0 1 1 0 0 1 1 0 1 1 0 1 1 0 0 1 1 0 1 1 1 0 1 0 1 0 1 1 1 1 0 1 1 0 1 1 0 0 1 1 1 0 1 0 
1 1 0 1 1 1 1 0 0 1 1 1 1 0 1 0 1 1 0 0 0 1 0 1 1 0 1 0 0 0 1 1 0 1 0 0 1 1 1 1 1 0 0 0 0 1 1 0 
0 1 0 1 0 0 1 1 1 0 0 0 1 0 0 1 0 0 1 0 1 1 0 0 0 0 0 0 1 1 1 0 0 0 0 0 0 0 1 1 0 0 1 0 1 1 0 0 
1 1 1 1 0 1 1 1 0 0 1 1 0 0 0 0 1 1 0 1 1 1 0 0 1 1 1 0 1 1 0 1 0 0 1 1 1 0 0 1 1 1 1 0 1 1 1 0 
1 1 0 0 1 1 0 1 1 0 1 1 1 1 1 0 1 1 0 1 1 0 0 1 0 1 0 1 1 0 1 0 1 1 0 0 0 1 0 0 1 1 0 1 1 0 0 0 
0 0 0 0 0 0 0 0 1 1 0 0 0 1 0 1 1 0 1 1 1 1 1 0 1 0 0 1 1 1 0 0 0 0 1 0 1 0 1 0 0 0 1 0 0 0 0 0 
0 1 0 1 0 0 0 1 0 1 1 0 1 0 1 1 0 0 1 0 0 0 1 1 0 1 0 0 1 0 1 1 1 1 1 1 0 0 1 0 0 1 0 0 0 1 1 0 
0 0 0 1 0 1 0 1 1 0 1 1 1 0 0 0 1 0 0 1 0 0 1 0 0 1 1 1 1 0 1 0 1 0 0 0 1 1 1 0 0 0 1 0 0 1 0 1 
1 0 0 0 1 1 1 1 1 1 0 1 0 1 0 1 1 0 0 0 1 1 1 0 0 1 1 0 1 0 1 0 0 0 0 0 1 0 0 1 0 1 0 1 0 1 0 1 
1 1 0 1 1 0 1 1 0 1 0 0 0 0 1 0 1 1 0 1 0 1 1 0 0 1 1 1 0 0 1 1 1 1 1 1 0 1 1 1 1 1 1 0 0 1 0 0 
1 1 1 1 0 1 1 0 1 1 1 0 0 0 1 0 1 0 1 1 0 0 0 0 0 0 1 0 0 0 1 1 1 0 0 1 0 0 1 0 0 0 0 0 0 0 1 1 
1 1 1 0 1 1 1 1 1 1 1 1 1 1 1 0 0 0 1 1 0 0 1 1 1 0 0 1 1 0 0 0 1 0 0 1 0 0 1 0 1 0 1 0 0 0 0 0 
1 0 0 1 0 0 1 1 1 1 0 0 0 1 0 1 1 1 0 0 0 0 0 1 1 0 1 1 1 1 0 1 1 0 1 0 0 1 0 1 1 1 1 0 0 1 0 1 
0 1 0 0 0 1 1 0 0 0 0 1 1 0 1 1 1 0 0 0 1 1 0 1 1 1 0 0 0 0 0 0 1 0 0 1 0 0 1 0 1 1 1 0 0 1 1 0 
15
0 1 0 0 1 1 0 0 1 1 0 0 0 1 0 
0 0 0 0 0 1 0 1 1 0 0 0 1 0 1 
1 1 0 1 1 0 0 0 0 0 1 1 1 1 0 
1 0 0 0 1 1 0 1 0 1 0 0 1 1 1 
1 0 0 1 0 0 1 1 1 1 1 1 1 0 1 
1 0 1 0 0 0 1 1 1 1 1 1 1 0 0 
1 1 1 1 0 0 0 0 1 0 1 0 0 0 1 
1 1 1 0 1 1 1 0 1 1 1 1 0 1 0 
1 1 1 1 1 1 0 1 0 1 1 0 0 1 0 
0 1 1 1 0 1 0 1 1 0 1 1 0 0 1 
1 1 1 1 0 1 0 1 1 0 0 0 0 0 1 
1 0 0 0 1 1 0 1 0 0 1 0 0 1 1 
1 0 1 0 0 0 1 1 0 1 1 1 0 1 0 
0 1 1 0 1 0 0 1 0 1 1 1 1 0 1 
0 1 0 1 1 1 1 1 0 1 0 1 0 1 0 
18
0 1 1 1 0 1 0 0 0 0 1 1 1 0 1 1 0 0 
0 0 0 0 0 0 0 1 1 1 0 0 0 0 1 0 1 0 
1 0 0 1 1 0 1 1 0 0 0 1 1 1 0 1 0 1 
0 1 1 0 0 1 1 1 1 0 1 1 1 0 0 1 0 1 
0 1 0 0 0 1 0 0 0 0 1 1 0 1 0 1 0 1 
1 1 1 0 0 0 1 0 1 0 1 0 1 1 1 1 1 1 
0 1 1 1 0 1 0 0 1 1 0 0 0 1 0 0 0 0 
1 0 0 0 0 1 1 0 1 0 0 0 0 1 0 0 0 0 
0 1 0 0 0 1 1 0 0 1 1 1 1 0 1 1 0 0 
0 1 1 0 1 0 0 1 0 0 0 1 0 0 0 0 1 0 
1 1 1 0 0 1 1 0 0 1 0 1 0 0 0 1 1 0 
1 1 0 0 1 1 1 0 1 0 1 0 0 0 1 0 0 0 
0 0 0 1 1 0 0 1 1 0 1 1 0 0 0 0 1 0 
1 0 1 0 1 0 0 1 0 0 0 0 1 0 1 0 0 1 
0 0 0 0 1 1 1 0 1 0 0 1 1 1 0 0 1 1 
0 1 0 0 0 0 0 0 0 1 1 0 1 0 0 0 1 1 
0 0 1 1 1 0 0 0 0 0 1 1 0 0 1 1 0 1 
0 0 1 0 0 1 0 0 0 1 0 0 0 1 0 0 0 0 
64
0 0 1 1 1 1 0 0 0 1 1 0 0 1 1 0 0 0 0 1 1 1 0 0 1 1 1 0 1 0 1 0 0 1 1 1 1 0 0 1 0 0 1 1 0 0 1 1 1 1 0 1 0 1 1 0 0 1 0 1 1 1 0 0 
1 0 1 1 0 1 0 1 0 1 0 0 1 0 1 1 0 0 0 0 0 1 1 1 0 0 0 0 1 1 1 0 0 1 1 0 0 1 1 1 0 0 0 1 0 1 1 0 1 0 1 0 0 0 1 0 0 1 1 1 0 1 1 1 
1 1 0 0 0 1 1 0 0 0 0 0 1 1 1 0 1 1 1 1 0 1 1 1 1 1 1 1 1 1 1 0 1 0 0 1 0 1 1 0 0 0 0 1 0 0 0 1 0 0 0 1 0 0 1 0 1 1 1 0 1 0 1 0 
0 1 0 0 0 1 1 0 0 1 0 1 0 0 1 0 1 0 0 1 0 0 0 0 0 1 0 1 0 0 1 0 1 0 0 1 0 1 0 1 1 1 0 0 0 0 0 1 1 1 1 0 1 0 1 0 0 1 0 1 0 1 0 0 
0 1 1 1 0 1 0 0 0 0 0 0 0 0 1 1 1 0 1 1 0 0 1 0 0 0 1 0 0 0 1 1 1 1 1 0 1 1 1 0 1 0 0 1 0 1 0 0 0 1 0 1 1 0 0 1 0 0 0 0 0 1 0 0 
0 1 0 0 0 0 1 0 0 0 1 1 0 1 0 1 1 1 1 1 1 0 1 0 0 1 1 1 1 0 1 0 0 1 1 0 1 0 0 1 0 0 0 0 1 1 0 1 1 1 1 0 0 1 0 1 1 0 0 0 1 0 0 0 
1 1 0 0 1 1 0 0 0 0 1 0 0 1 0 0 1 0 0 0 1 1 0 1 1 0 0 1 0 1 0 0 1 0 0 1 1 0 1 1 0 0 1 0 0 0 0 0 1 1 0 0 1 0 0 1 1 1 1 0 0 1 1 1 
1 0 0 1 0 0 1 0 0 1 0 1 1 0 0 0 1 0 1 0 0 1 1 1 1 0 0 1 0 0 1 1 0 1 1 0 1 1 1 1 1 0 1 0 0 0 1 0 0 0 0 0 1 1 0 1 0 1 0 0 1 1 0 1 
0 0 1 0 0 0 1 1 0 1 0 1 0 0 1 1 0 0 0 0 0 0 0 1 1 1 0 1 1 0 0 1 1 0 0 0 1 0 0 0 0 0 0 1 1 0 0 0 0 0 1 1 1 0 1 1 1 0 1 1 1 0 1 0 
1 0 0 0 1 0 0 0 1 0 0 0 0 0 1 0 1 0 1 1 1 1 1 0 1 1 0 0 0 1 0 1 0 0 1 1 0 0 1 1 1 0 1 0 0 1 1 1 0 1 0 0 1 0 0 1 1 0 1 1 0 1 1 1 
1 0 0 1 0 1 0 1 0 1 0 1 0 1 0 1 1 0 0 1 1 1 1 1 1 0 0 1 0 1 0 0 1 1 1 0 0 1 0 0 0 1 1 1 0 1 1 0 0 0 0 1 1 1 0 1 1 0 0 1 0 1 0 0 
1 0 1 0 1 1 1 0 0 0 0 0 0 0 0 1 1 0 0 1 1 1 1 0 0 0 1 0 0 0 1 1 1 0 0 1 0 0 1 1 1 1 1 0 0 1 1 1 1 1 0 1 0 0 1 1 1 1 1 0 1 1 0 0 
0 1 1 0 1 1 1 0 1 1 0 1 0 0 0 0 1 1 1 1 1 1 0 1 1 1 0 0 1 1 1 0 1 0 1 1 0 1 0 0 0 1 1 0 0 0 0 1 1 0 0 0 1 1 1 1 1 1 1 1 1 0 1 0 
0 0 0 0 1 1 0 0 0 1 0 0 1 0 0 1 0 1 0 0 1 1 1 0 1 1 0 1 0 1 0 0 0 1 1 0 0 0 1 1 0 1 1 1 0 0 0 1 1 0 0 0 1 0 0 0 1 0 0 1 0 1 1 0 
0 1 0 1 0 1 0 0 0 1 0 0 1 1 0 0 1 0 0 1 1 0 0 0 0 0 0 0 1 0 1 0 1 0 1 0 0 0 0 1 0 1 0 1 0 1 0 1 0 1 1 0 0 0 0 0 0 0 1 0 0 0 0 1 
0 0 1 1 1 0 0 0 1 1 0 0 1 0 0 0 1 1 0 0 0 1 1 0 0 0 1 0 1 1 0 0 0 0 1 1 0 0 0 1 1 0 0 1 1 0 0 0 0 1 1 0 0 0 1 0 0 0 1 1 1 0 0 1 
1 1 1 1 1 0 0 1 1 0 0 1 1 0 1 1 0 0 0 1 1 1 0 0 1 1 0 0 0 0 0 0 0 1 0 1 0 0 1 1 1 0 1 1 0 0 1 1 1 0 0 0 1 0 0 0 1 0 0 0 1 0 0 1 
1 0 0 0 1 0 0 0 0 1 0 1 1 1 0 1 0 0 1 0 1 1 0 1 0 0 1 0 1 1 0 0 0 0 1 0 0 0 0 0 1 0 1 0 0 1 0 1 1 1 0 1 1 1 1 1 0 1 1 0 0 1 0 1 
1 0 0 0 1 1 1 1 1 1 1 1 1 1 1 1 0 0 0 0 1 0 1 0 0 1 0 0 0 1 1 0 0 1 0 0 0 1 0 0 0 0 1 0 0 0 1 0 1 1 1 1 1 0 1 0 0 0 1 1 1 0 1 1 
1 0 0 0 1 0 0 1 0 0 0 1 0 1 0 1 1 0 1 0 1 0 0 0 0 1 1 1 0 0 1 0 1 0 0 0 1 0 1 1 0 0 1 1 1 1 0 0 1 0 1 0 1 0 0 1 1 1 0 1 0 0 0 0 
1 0 1 0 0 0 1 1 1 0 1 1 1 1 1 1 1 1 1 1 0 1 1 1 0 0 0 1 1 0 1 1 1 0 0 1 0 0 1 0 1 1 0 0 0 1 1 0 0 0 0 1 0 0 0 1 1 0 0 0 1 1 1 0 
0 1 1 1 0 0 0 1 1 1 1 0 0 0 0 1 1 0 0 1 1 0 1 0 1 0 1 1 0 1 0 1 1 1 1 1 1 0 0 0 0 0 0 0 0 1 1 0 0 0 0 0 0 1 1 0 1 0 0 0 1 1 1 0 
0 0 0 0 0 1 1 1 1 1 1 1 0 0 1 0 0 1 1 0 0 0 0 1 1 1 1 0 0 1 1 1 0 0 0 1 0 1 0 0 1 0 1 0 1 1 0 1 1 1 1 0 0 1 0 1 1 1 1 0 0 0 1 0 
0 1 1 1 1 0 0 0 1 0 0 1 1 0 1 0 0 1 1 0 1 1 0 0 0 0 0 1 1 0 0 0 1 1 1 1 1 1 1 1 0 0 1 0 1 1 0 1 1 1 0 1 1 0 0 1 0 1 0 0 0 0 1 1 
0 1 0 1 1 0 0 1 1 0 0 1 0 0 0 0 0 0 0 1 0 0 0 1 0 0 1 0 0 0 1 1 1 0 1 0 0 1 0 1 1 0 0 1 0 1 1 0 1 0 1 1 1 1 0 1 0 0 0 1 1 0 0 0 
0 0 0 1 0 1 1 1 0 0 1 1 0 1 0 1 0 1 0 1 0 0 0 1 0 0 1 1 1 0 1 0 0 1 0 0 1 1 1 0 1 1 0 1 0 0 1 0 0 1 0 1 1 0 0 0 1 1 0 1 0 1 1 1 
0 0 1 0 1 0 0 0 1 0 0 1 0 0 0 0 1 1 1 1 0 1 1 1 1 0 0 1 0 0 0 1 0 0 1 1 1 1 1 0 0 0 1 1 0 1 1 1 0 1 1 0 1 0 0 1 0 0 0 1 1 1 1 0 
0 1 1 1 1 1 0 0 0 0 0 0 0 1 1 1 0 0 1 1 0 0 0 0 1 1 1 0 0 1 1 1 1 1 0 0 1 0 0 1 0 0 1 1 0 0 1 0 0 1 0 1 1 0 0 1 1 1 0 1 1 0 0 1 
1 0 0 0 0 1 1 1 0 1 1 0 0 1 1 1 1 0 1 0 0 1 0 1 0 1 1 0 0 0 1 1 1 1 1 0 1 1 1 1 1 1 0 1 1 0 1 1 0 1 0 1 0 0 0 0 1 0 1 1 1 0 1 0 
1 0 0 0 0 1 1 1 1 0 0 1 0 1 1 0 1 1 0 1 1 1 0 1 1 1 0 1 1 0 0 0 1 1 0 0 1 0 1 0 1 1 1 0 0 1 1 1 0 0 0 0 1 1 0 0 1 1 0 1 1 0 1 0 
0 0 0 1 1 1 1 0 1 1 0 0 0 0 1 0 0 0 1 0 0 1 0 0 1 1 0 0 0 0 0 0 0 1 0 1 1 1 1 0 1 0 0 0 0 0 1 1 1 1 0 1 1 1 0 0 0 0 0 0 1 0 1 1 
1 0 1 0 0 1 0 0 0 0 0 1 1 0 0 0 0 1 0 0 0 0 0 1 0 0 1 1 1 1 0 0 1 0 1 0 0 1 0 1 0 0 0 1 0 0 0 0 1 0 1 0 1 1 1 1 1 0 0 0 0 1 1 1 
0 1 1 0 0 1 0 1 0 1 1 0 0 1 0 0 1 1 1 0 0 1 0 1 0 0 1 1 1 0 0 0 0 1 1 0 1 1 0 0 1 1 0 0 1 0 1 0 0 1 0 0 1 1 1 1 1 1 0 0 0 1 0 1 
0 0 1 1 1 0 0 0 0 0 0 0 1 1 0 1 0 1 0 0 0 1 1 1 1 0 0 0 0 0 0 0 1 0 0 1 1 1 0 1 1 1 1 1 1 1 0 1 1 1 0 1 0 1 1 1 0 1 0 0 1 0 0 1 
0 0 0 0 0 1 1 0 1 1 1 1 0 0 0 1 1 1 0 0 1 0 0 0 0 0 0 0 0 0 0 1 1 0 0 0 0 0 1 0 1 1 1 0 1 1 0 1 0 1 0 1 0 0 1 1 1 0 1 1 0 1 0 1 
1 0 0 1 0 1 1 0 0 1 0 1 1 1 1 0 1 0 0 0 1 0 1 0 1 0 0 0 0 0 0 0 1 1 0 0 1 0 1 0 0 0 1 0 0 1 0 1 0 1 0 0 0 0 1 0 1 1 1 1 0 1 1 1 
0 0 0 0 1 1 1 1 1 0 1 1 0 1 1 0 0 1 1 1 0 0 0 0 0 1 0 1 0 0 0 1 1 1 0 0 0 1 0 1 0 0 0 1 0 0 0 1 0 1 1 0 1 1 1 1 0 0 1 1 0 0 1 1 
0 0 0 0 0 0 1 1 1 0 0 0 1 1 1 0 1 0 1 1 0 1 0 0 0 0 0 1 0 1 0 0 1 0 1 0 0 0 1 1 1 0 1 1 0 0 0 0 1 0 0 0 1 0 0 1 1 1 1 1 0 1 0 1 
1 0 0 1 1 0 1 1 1 0 0 1 0 0 1 1 0 0 0 1 0 0 0 1 0 1 0 1 1 0 0 1 1 0 1 0 1 1 0 1 0 1 1 0 0 0 1 1 0 1 1 1 0 1 0 0 1 1 0 1 0 0 0 0 
0 0 1 0 0 0 0 0 0 1 1 0 0 1 0 0 1 1 1 1 0 0 0 1 1 0 1 0 0 1 1 1 0 1 1 0 1 0 1 0 1 1 1 1 1 0 1 1 0 0 0 1 1 0 1 1 0 0 1 0 0 1 0 1 
0 0 1 1 0 0 1 0 0 0 1 0 0 1 0 0 0 1 0 1 0 0 0 0 0 0 0 0 1 1 1 0 1 1 0 1 1 0 1 0 0 0 0 0 0 0 1 0 0 1 0 1 1 1 1 1 1 1 0 0 1 0 0 0 
1 1 1 0 0 1 1 0 1 0 1 0 1 0 0 0 1 0 1 1 0 1 0 1 0 1 1 1 1 0 1 1 0 0 1 0 0 1 1 0 1 0 1 0 0 0 1 0 0 1 0 0 1 0 1 1 0 0 1 1 1 1 0 1 
1 1 0 1 1 1 0 0 0 1 0 0 1 1 1 0 1 1 1 1 1 1 0 1 1 1 1 1 0 1 1 1 0 1 0 0 1 0 1 1 0 1 0 0 1 1 0 1 0 0 1 1 0 0 0 0 0 0 1 0 0 0 0 0 
1 0 0 1 1 1 1 1 0 1 1 0 0 0 1 0 0 1 1 1 0 0 1 0 1 0 0 1 0 1 0 0 0 1 1 1 0 1 0 1 1 0 0 0 0 0 1 1 1 1 0 0 1 0 0 1 1 1 1 1 1 0 1 1 
1 0 1 1 0 0 1 0 0 1 1 0 1 1 0 1 1 0 1 1 0 1 0 0 0 0 1 1 1 1 1 0 0 0 0 1 1 0 1 1 0 0 0 0 0 0 0 0 1 1 1 0 0 1 1 0 0 0 1 1 0 0 1 1 
1 0 1 0 1 0 1 1 1 0 1 0 0 0 0 1 1 0 1 0 1 1 0 1 0 0 0 1 0 1 1 1 0 0 1 1 1 0 1 1 1 0 1 1 0 0 0 1 0 1 0 0 0 0 1 1 1 0 1 0 0 1 0 1 
1 1 1 1 0 1 1 0 0 0 0 0 0 1 1 1 1 0 0 1 0 1 1 1 1 0 1 0 0 0 0 0 1 1 0 1 1 1 1 1 0 0 1 1 1 1 0 0 1 0 0 1 1 1 0 0 0 1 1 1 1 0 1 0 
1 1 1 0 0 1 1 0 1 0 1 0 1 1 0 0 0 1 1 0 0 1 1 1 1 0 0 1 1 0 0 1 0 1 1 1 1 1 1 0 0 1 1 0 1 0 1 0 0 1 1 0 0 1 0 0 1 1 0 1 0 0 0 1 
0 0 1 1 0 0 1 1 0 1 1 0 0 1 0 0 0 0 0 0 0 1 0 1 0 0 1 0 0 0 0 0 0 1 0 1 1 0 1 1 1 1 0 0 0 1 1 1 0 1 1 1 1 1 0 1 0 0 1 1 1 0 1 0 
0 0 0 0 0 1 0 0 0 0 0 0 1 1 0 0 1 0 0 1 1 0 1 1 0 1 1 0 0 1 1 1 0 1 0 0 1 0 0 1 1 1 1 1 0 0 1 1 1 0 0 1 0 1 0 1 1 0 1 0 1 0 1 1 
1 1 0 1 1 0 0 1 0 1 1 1 0 0 1 1 1 1 0 0 0 1 1 0 1 0 1 1 0 0 1 0 1 1 1 0 1 1 1 1 0 0 1 0 1 0 0 0 1 1 0 1 1 1 1 0 1 0 0 0 1 0 0 1 
1 1 0 1 0 0 0 0 1 1 0 0 0 0 0 0 0 1 0 0 0 1 1 0 0 1 1 0 0 1 0 0 0 0 0 1 1 1 0 1 0 1 0 1 0 0 1 0 1 0 0 0 1 1 0 0 0 0 0 1 0 0 0 0 
0 1 0 0 0 0 1 1 0 0 0 0 0 1 1 1 0 1 1 1 1 0 0 1 1 0 1 0 0 0 1 1 0 1 1 1 1 0 0 1 1 0 0 0 0 0 1 0 0 0 1 1 0 0 1 0 0 0 0 1 0 0 1 0 
0 1 1 0 1 0 1 1 1 1 1 1 1 1 0 0 1 1 0 1 1 0 0 0 1 0 1 1 0 0 0 0 1 0 0 1 0 0 1 0 1 0 1 0 0 0 1 1 0 1 1 1 0 0 0 0 0 0 1 0 1 1 1 0 
1 0 0 1 1 0 1 1 1 0 0 0 1 1 1 1 0 1 1 1 0 1 1 0 0 0 0 1 0 1 1 1 0 1 1 0 0 0 0 0 0 0 1 0 1 0 1 1 1 0 0 1 0 1 0 1 1 0 1 0 0 0 0 1 
1 1 1 0 1 1 1 1 1 1 1 0 1 1 1 1 0 1 0 1 0 1 1 0 1 0 1 0 0 1 0 1 1 1 0 1 1 0 1 1 1 0 0 1 1 1 0 1 0 0 0 1 1 1 0 0 1 0 0 1 1 0 1 0 
0 0 0 0 0 1 1 0 1 0 1 1 1 0 1 0 1 0 0 0 0 0 0 1 0 1 1 0 0 1 0 1 1 0 0 0 0 1 0 0 0 0 1 1 0 0 1 0 0 1 1 0 1 1 0 1 0 0 1 1 0 0 0 0 
1 1 0 1 1 0 0 1 1 1 0 0 0 1 1 1 0 0 1 1 0 0 1 1 0 0 0 1 1 0 1 1 0 1 1 1 1 0 0 1 0 0 1 0 0 1 1 0 0 0 1 1 1 0 1 1 0 0 1 1 0 0 1 0 
1 0 0 1 1 0 0 0 0 0 0 1 1 0 1 0 0 1 1 0 0 1 1 1 1 0 0 1 0 1 1 0 1 0 1 1 0 1 1 1 1 1 1 1 1 0 0 0 0 1 0 0 0 0 0 0 1 0 0 0 0 1 0 1 
0 1 0 0 1 0 0 0 1 0 1 1 0 0 1 1 0 0 0 0 0 0 1 0 1 1 0 0 1 1 1 0 0 1 0 0 0 0 1 1 1 0 1 1 0 0 1 1 1 1 1 0 1 0 1 1 0 1 1 0 0 1 0 1 
1 1 1 1 1 1 0 0 1 0 1 1 0 0 0 0 0 0 1 0 1 1 0 0 0 0 1 1 1 0 1 1 1 0 1 1 1 0 0 0 0 1 0 1 0 1 1 1 1 1 0 1 0 0 0 0 1 0 1 1 0 1 1 0 
1 1 1 1 1 1 0 0 0 0 0 1 0 1 1 1 0 1 0 1 1 1 1 0 0 1 0 1 1 0 0 1 1 0 1 1 1 0 0 0 0 1 1 1 0 0 0 1 1 1 0 0 0 1 1 0 0 0 1 0 1 0 1 0 
0 1 0 1 0 1 0 0 1 0 0 1 0 1 1 1 1 0 0 0 0 1 1 0 1 0 1 0 1 0 1 0 1 0 0 1 0 0 1 0 1 0 1 1 1 0 1 1 1 0 1 0 0 0 0 1 1 0 1 1 0 0 0 0 
0 0 0 1 1 1 0 0 0 1 0 1 1 0 0 0 1 1 0 1 1 0 1 1 1 1 1 1 1 0 0 0 1 1 1 0 0 1 0 1 1 0 1 0 0 0 1 0 0 1 0 0 0 1 1 1 1 0 0 0 0 1 0 0 
18
0 0 0 0 0 1 0 0 1 1 0 0 1 1 0 1 0 0 
0 0 0 1 1 0 0 1 1 0 1 1 1 1 0 0 1 1 
0 0 0 1 0 0 1 0 1 1 1 0 1 0 1 1 0 0 
0 1 0 0 1 1 1 1 0 1 1 0 1 1 0 1 1 1 
1 1 1 0 0 0 1 0 1 0 0 1 1 0 0 1 0 1 
0 0 0 1 1 0 1 0 0 1 1 1 1 0 1 0 1 1 
1 1 0 0 0 0 0 0 1 0 0 0 1 0 1 1 0 1 
0 1 0 1 1 1 0 0 0 0 0 1 1 0 1 0 0 1 
0 1 0 1 0 1 1 1 0 1 1 1 0 0 1 1 0 1 
1 1 1 0 0 0 0 1 1 0 1 1 0 1 1 1 0 1 
1 1 1 0 1 0 0 0 0 0 0 1 1 0 0 0 0 1 
1 0 0 0 1 0 0 1 0 1 0 0 1 1 0 0 1 0 
1 1 0 0 0 0 1 1 0 0 0 0 0 1 0 1 0 0 
0 1 0 1 0 1 0 0 0 1 0 1 1 0 0 1 1 0 
1 0 1 1 1 0 1 0 0 0 1 1 1 1 0 0 0 1 
0 0 0 0 0 0 0 1 0 0 0 0 0 0 0 0 0 1 
0 0 0 1 1 1 0 1 0 0 1 1 1 0 0 1 0 0 
0 1 1 0 1 1 1 0 1 1 1 0 0 1 0 0 0 0 
20
0 1 1 1 0 1 0 1 0 0 0 0 0 0 0 1 0 0 0 0 
1 0 0 1 0 1 1 0 0 1 0 1 1 0 0 0 0 1 0 0 
0 1 0 1 1 0 0 1 1 1 1 0 1 1 1 0 1 1 0 1 
0 1 0 0 0 1 0 0 1 0 0 1 0 1 0 0 0 1 0 1 
0 1 1 0 0 1 0 1 0 1 1 1 1 1 1 1 1 0 1 1 
1 1 1 1 1 0 0 0 1 1 1 1 1 1 0 1 1 0 0 1 
1 0 1 0 0 1 0 1 0 1 0 1 0 0 1 0 1 0 1 1 
1 0 1 1 1 1 0 0 0 1 1 1 1 0 1 1 1 1 1 0 
0 0 1 1 0 1 1 0 0 1 1 1 1 0 0 0 0 1 1 0 
0 0 0 1 1 0 0 0 1 0 1 0 1 0 0 1 0 1 0 1 
1 1 0 1 0 0 0 1 1 0 0 1 0 0 0 1 1 0 1 0 
0 0 1 0 1 0 0 0 1 1 0 0 0 0 0 0 0 1 1 0 
1 0 1 0 1 1 1 0 1 0 0 0 0 0 1 1 1 1 0 0 
0 1 0 1 0 1 0 1 0 1 1 0 1 0 1 1 0 0 0 1 
1 0 0 0 0 0 0 0 0 1 1 1 1 0 0 0 0 1 0 0 
0 0 1 0 0 0 0 1 0 0 1 0 1 0 1 0 1 1 1 1 
0 1 1 0 1 0 1 1 0 1 1 0 0 1 0 1 0 0 0 0 
0 1 1 1 1 0 1 0 0 1 0 1 0 1 0 1 1 0 0 0 
0 1 0 0 0 0 1 1 1 1 0 1 0 1 0 0 1 0 0 1 
1 0 1 1 0 0 1 1 0 0 0 1 0 0 0 1 0 0 1 0 
6
0 1 1 1 1 1 
1 0 1 1 0 1 
1 0 0 0 0 0 
0 1 0 0 0 1 
0 1 1 0 0 1 
0 1 1 0 0 0 
2
0 1
1 0
