16

0 73 63 94 27 7 61 51 32 1 7 54 64 91 64 65
73 0 83 52 58 19 91 71 7 75 28 17 64 32 45 40
63 83 0 66 15 100 60 54 17 30 63 71 89 50 62 89
94 52 66 0 95 47 24 44 27 78 88 27 33 66 35 74
27 58 15 95 0 98 6 51 72 99 38 39 4 27 21 13
7 19 100 47 98 0 21 74 46 32 91 44 29 16 48 47
61 91 60 24 6 21 0 94 67 61 91 52 93 56 66 7
51 71 54 44 51 74 94 0 79 56 58 86 97 1 29 80
32 7 17 27 72 46 67 79 0 86 96 38 44 18 14 39
1 75 30 78 99 32 61 56 86 0 67 19 94 99 92 48
7 28 63 88 38 91 91 58 96 67 0 92 23 39 11 93
54 17 71 27 39 44 52 86 38 19 92 0 41 18 93 85
64 64 89 33 4 29 93 97 44 94 23 41 0 79 29 7
91 32 50 66 27 16 56 1 18 99 39 18 79 0 14 75
64 45 62 35 21 48 66 29 14 92 11 93 29 14 0 54
65 40 89 74 13 47 7 80 39 48 93 85 7 75 54 0s
