41
30 8
3 22  5 8  11 26  20 29  17 4  19 7  27 1  29 9

6 1
3 5  

48 14
9 25  10 46  13 45  15 41  24 31  27 4  28 21  29 14  35 1  36 25  44 39  45 20  

41 13
8 16  11 2  14 18  19 25  26 5  27 22  30 18  33 27  36 40  37 36  

74 35
2 48  4 17  5 47  8 49  9 31  13 3  18 54  23 55  24 14  25 14  27 26  29 66  30 6  31 31  34 2  37 62  42 72  43 50  44 24  47 72  48 38  50 37  53 39  54 59  56 6  59 32  60 2  63 54  66 24  71 71  73 69  

14 1
12 8  

51 0


49 7
15 28  16 33  17 37  18 14  21 47  38 22  40 44  

87 31
3 43  7 3  11 29  13 65  14 45  17 20  18 33  19 23  24 32  29 47  38 60  41 38  44 53  49 21  52 2  54 28  55 21  59 49  60 68  68 5  69 72  71 42  72 34  73 60  74 35  76 46  81 19  83 27  86 36  

23 8
1 12  2 15  4 5  8 1  11 18  12 7  20 21  21 4  

92 35
2 85  5 38  15 54  16 37  21 32  23 33  27 14  28 12  33 77  34 3  43 61  46 27  48 82  49 25  50 55  54 13  57 29  59 64  62 35  63 73  67 72  69 76  70 37  71 13  73 6  79 71  82 22  84 83  85 78  90 10  91 68  

13 4
3 8  6 7  12 3  

25 5
1 7  3 13  15 24  23 3  24 2  

97 30
3 71  5 80  9 46  14 81  15 36  18 32  21 6  25 84  29 84  33 81  34 8  42 70  44 3  47 39  60 86  63 8  66 31  68 96  70 92  71 45  72 45  73 34  77 9  83 44  87 9  95 92  

93 23
1 3  5 32  14 76  21 63  31 50  33 58  35 81  37 52  50 69  52 18  56 57  59 32  61 41  66 63  67 34  73 39  76 9  84 46  87 32  

71 6
15 19  31 41  40 31  62 43  64 41  68 14  

13 4
1 7  8 12  11 2  12 6  

60 7
9 54  18 6  20 37  24 47  35 51  51 19  

4 1
2 1  

50 23
3 19  9 8  11 10  13 42  15 21  19 45  22 24  23 23  24 11  28 22  30 36  31 26  32 22  34 30  38 22  40 10  41 40  46 7  48 1  

42 3
4 17  32 24  34 28  

70 16
1 50  9 12  11 62  13 53  16 33  21 7  25 62  35 1  38 63  39 37  42 28  44 46  57 26  61 12  62 34  

73 32
5 20  11 58  14 16  15 10  17 49  19 4  20 60  22 66  24 66  26 58  27 48  29 13  30 56  35 10  37 2  44 6  46 65  48 33  53 68  57 3  58 65  64 7  65 22  67 19  70 71  72 25  

70 22
1 61  6 37  7 2  9 21  12 10  13 30  14 33  18 41  21 8  22 28  23 28  25 21  32 49  36 18  38 54  43 37  48 69  49 45  56 5  63 6  

40 5
3 5  10 34  11 23  20 9  25 8  

63 17
7 18  9 14  10 41  15 5  23 9  30 52  32 39  36 11  43 30  48 29  52 28  54 40  56 7  57 11  59 51  62 4  

83 36
1 16  3 25  4 7  5 69  6 82  7 65  9 57  11 5  22 15  32 65  34 20  37 55  38 71  44 2  46 73  47 12  48 30  55 40  63 9  64 45  66 27  67 53  69 70  76 15  80 32  82 2  

54 22
1 32  5 42  6 4  11 29  14 35  20 17  25 10  27 27  30 5  33 41  34 16  39 11  40 13  41 39  42 16  44 38  46 16  48 50  53 43  

13 2
10 3  11 6  

10 1
7 8  

61 29
1 32  2 56  4 29  6 17  8 54  9 38  10 14  11 44  13 17  14 16  16 9  26 15  35 6  39 34  40 33  45 59  49 42  52 54  55 41  56 32  60 11  

29 6
9 9  14 12  17 24  18 11  23 6  25 22  

5 0


16 4
2 7  3 7  7 2  15 6  

62 27
5 50  8 47  9 31  11 42  16 16  21 49  26 30  29 18  30 21  31 8  35 20  37 31  38 61  42 31  43 59  45 45  47 61  49 8  52 5  56 18  59 42  

33 14
1 27  9 15  19 11  22 24  23 13  24 3  25 14  26 5  29 28  30 27  32 1  

51 16
5 49  6 26  14 26  16 22  20 39  21 6  26 16  29 35  30 21  31 50  41 11  43 12  47 39  48 13  

64 5
19 16  33 57  46 1  

10 2
1 1  2 5  

36 6
21 3  25 22  30 28  31 24  34 35  35 26  

68 3
16 44  21 28  51 41  

